4500 5000 +4.0 +5.0 -1.00 +1.00 01 +0.40 +0.00 0.0 p st 4500 +4.0 -1.00
4500 5000 +4.0 +5.0 -1.00 +1.00 01 +0.40 +0.00 0.0 p st 4500 +4.0 -0.90
4500 5000 +4.0 +5.0 -1.00 +1.00 01 +0.40 +0.00 0.0 p st 4500 +4.0 -0.80
4500 5000 +4.0 +5.0 -1.00 +1.00 01 +0.40 +0.00 0.0 p st 4500 +4.0 -0.70
4500 5000 +4.0 +5.0 -1.00 +1.00 01 +0.40 +0.00 0.0 p st 4500 +4.0 -0.60
4500 5000 +4.0 +5.0 -1.00 +1.00 01 +0.40 +0.00 0.0 p st 4500 +4.0 -0.50
4500 5000 +4.0 +5.0 -1.00 +1.00 01 +0.40 +0.00 0.0 p st 4500 +4.0 -0.40
4500 5000 +4.0 +5.0 -1.00 +1.00 01 +0.40 +0.00 0.0 p st 4500 +4.0 -0.30
4500 5000 +4.0 +5.0 -1.00 +1.00 01 +0.40 +0.00 0.0 p st 4500 +4.0 -0.20
4500 5000 +4.0 +5.0 -1.00 +1.00 01 +0.40 +0.00 0.0 p st 4500 +4.0 -0.10
4500 5000 +4.0 +5.0 -1.00 +1.00 01 +0.40 +0.00 0.0 p st 4500 +4.0 +0.00
4500 5000 +4.0 +5.0 -1.00 +1.00 01 +0.40 +0.00 0.0 p st 4500 +4.0 +0.10
4500 5000 +4.0 +5.0 -1.00 +1.00 01 +0.40 +0.00 0.0 p st 4500 +4.0 +0.20
4500 5000 +4.0 +5.0 -1.00 +1.00 01 +0.40 +0.00 0.0 p st 4500 +4.0 +0.30
4500 5000 +4.0 +5.0 -1.00 +1.00 01 +0.40 +0.00 0.0 p st 4500 +4.0 +0.40
4500 5000 +4.0 +5.0 -1.00 +1.00 01 +0.40 +0.00 0.0 p st 4500 +4.0 +0.50
4500 5000 +4.0 +5.0 -1.00 +1.00 01 +0.40 +0.00 0.0 p st 4500 +4.0 +0.60
4500 5000 +4.0 +5.0 -1.00 +1.00 01 +0.40 +0.00 0.0 p st 4500 +4.0 +0.70
4500 5000 +4.0 +5.0 -1.00 +1.00 01 +0.40 +0.00 0.0 p st 4500 +4.0 +0.80
4500 5000 +4.0 +5.0 -1.00 +1.00 01 +0.40 +0.00 0.0 p st 4500 +4.0 +0.90
4500 5000 +4.0 +5.0 -1.00 +1.00 01 +0.40 +0.00 0.0 p st 4500 +4.0 +1.00
4500 5000 +4.0 +5.0 -1.00 +1.00 01 +0.40 +0.00 0.0 p st 4500 +4.1 -1.00
4500 5000 +4.0 +5.0 -1.00 +1.00 01 +0.40 +0.00 0.0 p st 4500 +4.1 -0.90
4500 5000 +4.0 +5.0 -1.00 +1.00 01 +0.40 +0.00 0.0 p st 4500 +4.1 -0.80
4500 5000 +4.0 +5.0 -1.00 +1.00 01 +0.40 +0.00 0.0 p st 4500 +4.1 -0.70
4500 5000 +4.0 +5.0 -1.00 +1.00 01 +0.40 +0.00 0.0 p st 4500 +4.1 -0.60
4500 5000 +4.0 +5.0 -1.00 +1.00 01 +0.40 +0.00 0.0 p st 4500 +4.1 -0.50
4500 5000 +4.0 +5.0 -1.00 +1.00 01 +0.40 +0.00 0.0 p st 4500 +4.1 -0.40
4500 5000 +4.0 +5.0 -1.00 +1.00 01 +0.40 +0.00 0.0 p st 4500 +4.1 -0.30
4500 5000 +4.0 +5.0 -1.00 +1.00 01 +0.40 +0.00 0.0 p st 4500 +4.1 -0.20
4500 5000 +4.0 +5.0 -1.00 +1.00 01 +0.40 +0.00 0.0 p st 4500 +4.1 -0.10
4500 5000 +4.0 +5.0 -1.00 +1.00 01 +0.40 +0.00 0.0 p st 4500 +4.1 +0.00
4500 5000 +4.0 +5.0 -1.00 +1.00 01 +0.40 +0.00 0.0 p st 4500 +4.1 +0.10
4500 5000 +4.0 +5.0 -1.00 +1.00 01 +0.40 +0.00 0.0 p st 4500 +4.1 +0.20
4500 5000 +4.0 +5.0 -1.00 +1.00 01 +0.40 +0.00 0.0 p st 4500 +4.1 +0.30
4500 5000 +4.0 +5.0 -1.00 +1.00 01 +0.40 +0.00 0.0 p st 4500 +4.1 +0.40
4500 5000 +4.0 +5.0 -1.00 +1.00 01 +0.40 +0.00 0.0 p st 4500 +4.1 +0.50
4500 5000 +4.0 +5.0 -1.00 +1.00 01 +0.40 +0.00 0.0 p st 4500 +4.1 +0.60
4500 5000 +4.0 +5.0 -1.00 +1.00 01 +0.40 +0.00 0.0 p st 4500 +4.1 +0.70
4500 5000 +4.0 +5.0 -1.00 +1.00 01 +0.40 +0.00 0.0 p st 4500 +4.1 +0.80
4500 5000 +4.0 +5.0 -1.00 +1.00 01 +0.40 +0.00 0.0 p st 4500 +4.1 +0.90
4500 5000 +4.0 +5.0 -1.00 +1.00 01 +0.40 +0.00 0.0 p st 4500 +4.1 +1.00
4500 5000 +4.0 +5.0 -1.00 +1.00 01 +0.40 +0.00 0.0 p st 4500 +4.2 -1.00
4500 5000 +4.0 +5.0 -1.00 +1.00 01 +0.40 +0.00 0.0 p st 4500 +4.2 -0.90
4500 5000 +4.0 +5.0 -1.00 +1.00 01 +0.40 +0.00 0.0 p st 4500 +4.2 -0.80
4500 5000 +4.0 +5.0 -1.00 +1.00 01 +0.40 +0.00 0.0 p st 4500 +4.2 -0.70
4500 5000 +4.0 +5.0 -1.00 +1.00 01 +0.40 +0.00 0.0 p st 4500 +4.2 -0.60
4500 5000 +4.0 +5.0 -1.00 +1.00 01 +0.40 +0.00 0.0 p st 4500 +4.2 -0.50
4500 5000 +4.0 +5.0 -1.00 +1.00 01 +0.40 +0.00 0.0 p st 4500 +4.2 -0.40
4500 5000 +4.0 +5.0 -1.00 +1.00 01 +0.40 +0.00 0.0 p st 4500 +4.2 -0.30
4500 5000 +4.0 +5.0 -1.00 +1.00 01 +0.40 +0.00 0.0 p st 4500 +4.2 -0.20
4500 5000 +4.0 +5.0 -1.00 +1.00 01 +0.40 +0.00 0.0 p st 4500 +4.2 -0.10
4500 5000 +4.0 +5.0 -1.00 +1.00 01 +0.40 +0.00 0.0 p st 4500 +4.2 +0.00
4500 5000 +4.0 +5.0 -1.00 +1.00 01 +0.40 +0.00 0.0 p st 4500 +4.2 +0.10
4500 5000 +4.0 +5.0 -1.00 +1.00 01 +0.40 +0.00 0.0 p st 4500 +4.2 +0.20
4500 5000 +4.0 +5.0 -1.00 +1.00 01 +0.40 +0.00 0.0 p st 4500 +4.2 +0.30
4500 5000 +4.0 +5.0 -1.00 +1.00 01 +0.40 +0.00 0.0 p st 4500 +4.2 +0.40
4500 5000 +4.0 +5.0 -1.00 +1.00 01 +0.40 +0.00 0.0 p st 4500 +4.2 +0.50
4500 5000 +4.0 +5.0 -1.00 +1.00 01 +0.40 +0.00 0.0 p st 4500 +4.2 +0.60
4500 5000 +4.0 +5.0 -1.00 +1.00 01 +0.40 +0.00 0.0 p st 4500 +4.2 +0.70
4500 5000 +4.0 +5.0 -1.00 +1.00 01 +0.40 +0.00 0.0 p st 4500 +4.2 +0.80
4500 5000 +4.0 +5.0 -1.00 +1.00 01 +0.40 +0.00 0.0 p st 4500 +4.2 +0.90
4500 5000 +4.0 +5.0 -1.00 +1.00 01 +0.40 +0.00 0.0 p st 4500 +4.2 +1.00
4500 5000 +4.0 +5.0 -1.00 +1.00 01 +0.40 +0.00 0.0 p st 4500 +4.3 -1.00
4500 5000 +4.0 +5.0 -1.00 +1.00 01 +0.40 +0.00 0.0 p st 4500 +4.3 -0.90
4500 5000 +4.0 +5.0 -1.00 +1.00 01 +0.40 +0.00 0.0 p st 4500 +4.3 -0.80
4500 5000 +4.0 +5.0 -1.00 +1.00 01 +0.40 +0.00 0.0 p st 4500 +4.3 -0.70
4500 5000 +4.0 +5.0 -1.00 +1.00 01 +0.40 +0.00 0.0 p st 4500 +4.3 -0.60
4500 5000 +4.0 +5.0 -1.00 +1.00 01 +0.40 +0.00 0.0 p st 4500 +4.3 -0.50
4500 5000 +4.0 +5.0 -1.00 +1.00 01 +0.40 +0.00 0.0 p st 4500 +4.3 -0.40
4500 5000 +4.0 +5.0 -1.00 +1.00 01 +0.40 +0.00 0.0 p st 4500 +4.3 -0.30
4500 5000 +4.0 +5.0 -1.00 +1.00 01 +0.40 +0.00 0.0 p st 4500 +4.3 -0.20
4500 5000 +4.0 +5.0 -1.00 +1.00 01 +0.40 +0.00 0.0 p st 4500 +4.3 -0.10
4500 5000 +4.0 +5.0 -1.00 +1.00 01 +0.40 +0.00 0.0 p st 4500 +4.3 +0.00
4500 5000 +4.0 +5.0 -1.00 +1.00 01 +0.40 +0.00 0.0 p st 4500 +4.3 +0.10
4500 5000 +4.0 +5.0 -1.00 +1.00 01 +0.40 +0.00 0.0 p st 4500 +4.3 +0.20
4500 5000 +4.0 +5.0 -1.00 +1.00 01 +0.40 +0.00 0.0 p st 4500 +4.3 +0.30
4500 5000 +4.0 +5.0 -1.00 +1.00 01 +0.40 +0.00 0.0 p st 4500 +4.3 +0.40
4500 5000 +4.0 +5.0 -1.00 +1.00 01 +0.40 +0.00 0.0 p st 4500 +4.3 +0.50
4500 5000 +4.0 +5.0 -1.00 +1.00 01 +0.40 +0.00 0.0 p st 4500 +4.3 +0.60
4500 5000 +4.0 +5.0 -1.00 +1.00 01 +0.40 +0.00 0.0 p st 4500 +4.3 +0.70
4500 5000 +4.0 +5.0 -1.00 +1.00 01 +0.40 +0.00 0.0 p st 4500 +4.3 +0.80
4500 5000 +4.0 +5.0 -1.00 +1.00 01 +0.40 +0.00 0.0 p st 4500 +4.3 +0.90
4500 5000 +4.0 +5.0 -1.00 +1.00 01 +0.40 +0.00 0.0 p st 4500 +4.3 +1.00
4500 5000 +4.0 +5.0 -1.00 +1.00 01 +0.40 +0.00 0.0 p st 4500 +4.4 -1.00
4500 5000 +4.0 +5.0 -1.00 +1.00 01 +0.40 +0.00 0.0 p st 4500 +4.4 -0.90
4500 5000 +4.0 +5.0 -1.00 +1.00 01 +0.40 +0.00 0.0 p st 4500 +4.4 -0.80
4500 5000 +4.0 +5.0 -1.00 +1.00 01 +0.40 +0.00 0.0 p st 4500 +4.4 -0.70
4500 5000 +4.0 +5.0 -1.00 +1.00 01 +0.40 +0.00 0.0 p st 4500 +4.4 -0.60
4500 5000 +4.0 +5.0 -1.00 +1.00 01 +0.40 +0.00 0.0 p st 4500 +4.4 -0.50
4500 5000 +4.0 +5.0 -1.00 +1.00 01 +0.40 +0.00 0.0 p st 4500 +4.4 -0.40
4500 5000 +4.0 +5.0 -1.00 +1.00 01 +0.40 +0.00 0.0 p st 4500 +4.4 -0.30
4500 5000 +4.0 +5.0 -1.00 +1.00 01 +0.40 +0.00 0.0 p st 4500 +4.4 -0.20
4500 5000 +4.0 +5.0 -1.00 +1.00 01 +0.40 +0.00 0.0 p st 4500 +4.4 -0.10
4500 5000 +4.0 +5.0 -1.00 +1.00 01 +0.40 +0.00 0.0 p st 4500 +4.4 +0.00
4500 5000 +4.0 +5.0 -1.00 +1.00 01 +0.40 +0.00 0.0 p st 4500 +4.4 +0.10
4500 5000 +4.0 +5.0 -1.00 +1.00 01 +0.40 +0.00 0.0 p st 4500 +4.4 +0.20
4500 5000 +4.0 +5.0 -1.00 +1.00 01 +0.40 +0.00 0.0 p st 4500 +4.4 +0.30
4500 5000 +4.0 +5.0 -1.00 +1.00 01 +0.40 +0.00 0.0 p st 4500 +4.4 +0.40
4500 5000 +4.0 +5.0 -1.00 +1.00 01 +0.40 +0.00 0.0 p st 4500 +4.4 +0.50
4500 5000 +4.0 +5.0 -1.00 +1.00 01 +0.40 +0.00 0.0 p st 4500 +4.4 +0.60
4500 5000 +4.0 +5.0 -1.00 +1.00 01 +0.40 +0.00 0.0 p st 4500 +4.4 +0.70
4500 5000 +4.0 +5.0 -1.00 +1.00 01 +0.40 +0.00 0.0 p st 4500 +4.4 +0.80
4500 5000 +4.0 +5.0 -1.00 +1.00 01 +0.40 +0.00 0.0 p st 4500 +4.4 +0.90
4500 5000 +4.0 +5.0 -1.00 +1.00 01 +0.40 +0.00 0.0 p st 4500 +4.4 +1.00
4500 5000 +4.0 +5.0 -1.00 +1.00 01 +0.40 +0.00 0.0 p st 4500 +4.5 -1.00
4500 5000 +4.0 +5.0 -1.00 +1.00 01 +0.40 +0.00 0.0 p st 4500 +4.5 -0.90
4500 5000 +4.0 +5.0 -1.00 +1.00 01 +0.40 +0.00 0.0 p st 4500 +4.5 -0.80
4500 5000 +4.0 +5.0 -1.00 +1.00 01 +0.40 +0.00 0.0 p st 4500 +4.5 -0.70
4500 5000 +4.0 +5.0 -1.00 +1.00 01 +0.40 +0.00 0.0 p st 4500 +4.5 -0.60
4500 5000 +4.0 +5.0 -1.00 +1.00 01 +0.40 +0.00 0.0 p st 4500 +4.5 -0.50
4500 5000 +4.0 +5.0 -1.00 +1.00 01 +0.40 +0.00 0.0 p st 4500 +4.5 -0.40
4500 5000 +4.0 +5.0 -1.00 +1.00 01 +0.40 +0.00 0.0 p st 4500 +4.5 -0.30
4500 5000 +4.0 +5.0 -1.00 +1.00 01 +0.40 +0.00 0.0 p st 4500 +4.5 -0.20
4500 5000 +4.0 +5.0 -1.00 +1.00 01 +0.40 +0.00 0.0 p st 4500 +4.5 -0.10
4500 5000 +4.0 +5.0 -1.00 +1.00 01 +0.40 +0.00 0.0 p st 4500 +4.5 +0.00
4500 5000 +4.0 +5.0 -1.00 +1.00 01 +0.40 +0.00 0.0 p st 4500 +4.5 +0.10
4500 5000 +4.0 +5.0 -1.00 +1.00 01 +0.40 +0.00 0.0 p st 4500 +4.5 +0.20
4500 5000 +4.0 +5.0 -1.00 +1.00 01 +0.40 +0.00 0.0 p st 4500 +4.5 +0.30
4500 5000 +4.0 +5.0 -1.00 +1.00 01 +0.40 +0.00 0.0 p st 4500 +4.5 +0.40
4500 5000 +4.0 +5.0 -1.00 +1.00 01 +0.40 +0.00 0.0 p st 4500 +4.5 +0.50
4500 5000 +4.0 +5.0 -1.00 +1.00 01 +0.40 +0.00 0.0 p st 4500 +4.5 +0.60
4500 5000 +4.0 +5.0 -1.00 +1.00 01 +0.40 +0.00 0.0 p st 4500 +4.5 +0.70
4500 5000 +4.0 +5.0 -1.00 +1.00 01 +0.40 +0.00 0.0 p st 4500 +4.5 +0.80
4500 5000 +4.0 +5.0 -1.00 +1.00 01 +0.40 +0.00 0.0 p st 4500 +4.5 +0.90
4500 5000 +4.0 +5.0 -1.00 +1.00 01 +0.40 +0.00 0.0 p st 4500 +4.5 +1.00
4500 5000 +4.0 +5.0 -1.00 +1.00 01 +0.40 +0.00 0.0 p st 4500 +4.6 -1.00
4500 5000 +4.0 +5.0 -1.00 +1.00 01 +0.40 +0.00 0.0 p st 4500 +4.6 -0.90
4500 5000 +4.0 +5.0 -1.00 +1.00 01 +0.40 +0.00 0.0 p st 4500 +4.6 -0.80
4500 5000 +4.0 +5.0 -1.00 +1.00 01 +0.40 +0.00 0.0 p st 4500 +4.6 -0.70
4500 5000 +4.0 +5.0 -1.00 +1.00 01 +0.40 +0.00 0.0 p st 4500 +4.6 -0.60
4500 5000 +4.0 +5.0 -1.00 +1.00 01 +0.40 +0.00 0.0 p st 4500 +4.6 -0.50
4500 5000 +4.0 +5.0 -1.00 +1.00 01 +0.40 +0.00 0.0 p st 4500 +4.6 -0.40
4500 5000 +4.0 +5.0 -1.00 +1.00 01 +0.40 +0.00 0.0 p st 4500 +4.6 -0.30
4500 5000 +4.0 +5.0 -1.00 +1.00 01 +0.40 +0.00 0.0 p st 4500 +4.6 -0.20
4500 5000 +4.0 +5.0 -1.00 +1.00 01 +0.40 +0.00 0.0 p st 4500 +4.6 -0.10
4500 5000 +4.0 +5.0 -1.00 +1.00 01 +0.40 +0.00 0.0 p st 4500 +4.6 +0.00
4500 5000 +4.0 +5.0 -1.00 +1.00 01 +0.40 +0.00 0.0 p st 4500 +4.6 +0.10
4500 5000 +4.0 +5.0 -1.00 +1.00 01 +0.40 +0.00 0.0 p st 4500 +4.6 +0.20
4500 5000 +4.0 +5.0 -1.00 +1.00 01 +0.40 +0.00 0.0 p st 4500 +4.6 +0.30
4500 5000 +4.0 +5.0 -1.00 +1.00 01 +0.40 +0.00 0.0 p st 4500 +4.6 +0.40
4500 5000 +4.0 +5.0 -1.00 +1.00 01 +0.40 +0.00 0.0 p st 4500 +4.6 +0.50
4500 5000 +4.0 +5.0 -1.00 +1.00 01 +0.40 +0.00 0.0 p st 4500 +4.6 +0.60
4500 5000 +4.0 +5.0 -1.00 +1.00 01 +0.40 +0.00 0.0 p st 4500 +4.6 +0.70
4500 5000 +4.0 +5.0 -1.00 +1.00 01 +0.40 +0.00 0.0 p st 4500 +4.6 +0.80
4500 5000 +4.0 +5.0 -1.00 +1.00 01 +0.40 +0.00 0.0 p st 4500 +4.6 +0.90
4500 5000 +4.0 +5.0 -1.00 +1.00 01 +0.40 +0.00 0.0 p st 4500 +4.6 +1.00
4500 5000 +4.0 +5.0 -1.00 +1.00 01 +0.40 +0.00 0.0 p st 4500 +4.7 -1.00
4500 5000 +4.0 +5.0 -1.00 +1.00 01 +0.40 +0.00 0.0 p st 4500 +4.7 -0.90
4500 5000 +4.0 +5.0 -1.00 +1.00 01 +0.40 +0.00 0.0 p st 4500 +4.7 -0.80
4500 5000 +4.0 +5.0 -1.00 +1.00 01 +0.40 +0.00 0.0 p st 4500 +4.7 -0.70
4500 5000 +4.0 +5.0 -1.00 +1.00 01 +0.40 +0.00 0.0 p st 4500 +4.7 -0.60
4500 5000 +4.0 +5.0 -1.00 +1.00 01 +0.40 +0.00 0.0 p st 4500 +4.7 -0.50
4500 5000 +4.0 +5.0 -1.00 +1.00 01 +0.40 +0.00 0.0 p st 4500 +4.7 -0.40
4500 5000 +4.0 +5.0 -1.00 +1.00 01 +0.40 +0.00 0.0 p st 4500 +4.7 -0.30
4500 5000 +4.0 +5.0 -1.00 +1.00 01 +0.40 +0.00 0.0 p st 4500 +4.7 -0.20
4500 5000 +4.0 +5.0 -1.00 +1.00 01 +0.40 +0.00 0.0 p st 4500 +4.7 -0.10
4500 5000 +4.0 +5.0 -1.00 +1.00 01 +0.40 +0.00 0.0 p st 4500 +4.7 +0.00
4500 5000 +4.0 +5.0 -1.00 +1.00 01 +0.40 +0.00 0.0 p st 4500 +4.7 +0.10
4500 5000 +4.0 +5.0 -1.00 +1.00 01 +0.40 +0.00 0.0 p st 4500 +4.7 +0.20
4500 5000 +4.0 +5.0 -1.00 +1.00 01 +0.40 +0.00 0.0 p st 4500 +4.7 +0.30
4500 5000 +4.0 +5.0 -1.00 +1.00 01 +0.40 +0.00 0.0 p st 4500 +4.7 +0.40
4500 5000 +4.0 +5.0 -1.00 +1.00 01 +0.40 +0.00 0.0 p st 4500 +4.7 +0.50
4500 5000 +4.0 +5.0 -1.00 +1.00 01 +0.40 +0.00 0.0 p st 4500 +4.7 +0.60
4500 5000 +4.0 +5.0 -1.00 +1.00 01 +0.40 +0.00 0.0 p st 4500 +4.7 +0.70
4500 5000 +4.0 +5.0 -1.00 +1.00 01 +0.40 +0.00 0.0 p st 4500 +4.7 +0.80
4500 5000 +4.0 +5.0 -1.00 +1.00 01 +0.40 +0.00 0.0 p st 4500 +4.7 +0.90
4500 5000 +4.0 +5.0 -1.00 +1.00 01 +0.40 +0.00 0.0 p st 4500 +4.7 +1.00
4500 5000 +4.0 +5.0 -1.00 +1.00 01 +0.40 +0.00 0.0 p st 4500 +4.8 -1.00
4500 5000 +4.0 +5.0 -1.00 +1.00 01 +0.40 +0.00 0.0 p st 4500 +4.8 -0.90
4500 5000 +4.0 +5.0 -1.00 +1.00 01 +0.40 +0.00 0.0 p st 4500 +4.8 -0.80
4500 5000 +4.0 +5.0 -1.00 +1.00 01 +0.40 +0.00 0.0 p st 4500 +4.8 -0.70
4500 5000 +4.0 +5.0 -1.00 +1.00 01 +0.40 +0.00 0.0 p st 4500 +4.8 -0.60
4500 5000 +4.0 +5.0 -1.00 +1.00 01 +0.40 +0.00 0.0 p st 4500 +4.8 -0.50
4500 5000 +4.0 +5.0 -1.00 +1.00 01 +0.40 +0.00 0.0 p st 4500 +4.8 -0.40
4500 5000 +4.0 +5.0 -1.00 +1.00 01 +0.40 +0.00 0.0 p st 4500 +4.8 -0.30
4500 5000 +4.0 +5.0 -1.00 +1.00 01 +0.40 +0.00 0.0 p st 4500 +4.8 -0.20
4500 5000 +4.0 +5.0 -1.00 +1.00 01 +0.40 +0.00 0.0 p st 4500 +4.8 -0.10
4500 5000 +4.0 +5.0 -1.00 +1.00 01 +0.40 +0.00 0.0 p st 4500 +4.8 +0.00
4500 5000 +4.0 +5.0 -1.00 +1.00 01 +0.40 +0.00 0.0 p st 4500 +4.8 +0.10
4500 5000 +4.0 +5.0 -1.00 +1.00 01 +0.40 +0.00 0.0 p st 4500 +4.8 +0.20
4500 5000 +4.0 +5.0 -1.00 +1.00 01 +0.40 +0.00 0.0 p st 4500 +4.8 +0.30
4500 5000 +4.0 +5.0 -1.00 +1.00 01 +0.40 +0.00 0.0 p st 4500 +4.8 +0.40
4500 5000 +4.0 +5.0 -1.00 +1.00 01 +0.40 +0.00 0.0 p st 4500 +4.8 +0.50
4500 5000 +4.0 +5.0 -1.00 +1.00 01 +0.40 +0.00 0.0 p st 4500 +4.8 +0.60
4500 5000 +4.0 +5.0 -1.00 +1.00 01 +0.40 +0.00 0.0 p st 4500 +4.8 +0.70
4500 5000 +4.0 +5.0 -1.00 +1.00 01 +0.40 +0.00 0.0 p st 4500 +4.8 +0.80
4500 5000 +4.0 +5.0 -1.00 +1.00 01 +0.40 +0.00 0.0 p st 4500 +4.8 +0.90
4500 5000 +4.0 +5.0 -1.00 +1.00 01 +0.40 +0.00 0.0 p st 4500 +4.8 +1.00
4500 5000 +4.0 +5.0 -1.00 +1.00 01 +0.40 +0.00 0.0 p st 4500 +4.9 -1.00
4500 5000 +4.0 +5.0 -1.00 +1.00 01 +0.40 +0.00 0.0 p st 4500 +4.9 -0.90
4500 5000 +4.0 +5.0 -1.00 +1.00 01 +0.40 +0.00 0.0 p st 4500 +4.9 -0.80
4500 5000 +4.0 +5.0 -1.00 +1.00 01 +0.40 +0.00 0.0 p st 4500 +4.9 -0.70
4500 5000 +4.0 +5.0 -1.00 +1.00 01 +0.40 +0.00 0.0 p st 4500 +4.9 -0.60
4500 5000 +4.0 +5.0 -1.00 +1.00 01 +0.40 +0.00 0.0 p st 4500 +4.9 -0.50
4500 5000 +4.0 +5.0 -1.00 +1.00 01 +0.40 +0.00 0.0 p st 4500 +4.9 -0.40
4500 5000 +4.0 +5.0 -1.00 +1.00 01 +0.40 +0.00 0.0 p st 4500 +4.9 -0.30
4500 5000 +4.0 +5.0 -1.00 +1.00 01 +0.40 +0.00 0.0 p st 4500 +4.9 -0.20
4500 5000 +4.0 +5.0 -1.00 +1.00 01 +0.40 +0.00 0.0 p st 4500 +4.9 -0.10
4500 5000 +4.0 +5.0 -1.00 +1.00 01 +0.40 +0.00 0.0 p st 4500 +4.9 +0.00
4500 5000 +4.0 +5.0 -1.00 +1.00 01 +0.40 +0.00 0.0 p st 4500 +4.9 +0.10
4500 5000 +4.0 +5.0 -1.00 +1.00 01 +0.40 +0.00 0.0 p st 4500 +4.9 +0.20
4500 5000 +4.0 +5.0 -1.00 +1.00 01 +0.40 +0.00 0.0 p st 4500 +4.9 +0.30
4500 5000 +4.0 +5.0 -1.00 +1.00 01 +0.40 +0.00 0.0 p st 4500 +4.9 +0.40
4500 5000 +4.0 +5.0 -1.00 +1.00 01 +0.40 +0.00 0.0 p st 4500 +4.9 +0.50
4500 5000 +4.0 +5.0 -1.00 +1.00 01 +0.40 +0.00 0.0 p st 4500 +4.9 +0.60
4500 5000 +4.0 +5.0 -1.00 +1.00 01 +0.40 +0.00 0.0 p st 4500 +4.9 +0.70
4500 5000 +4.0 +5.0 -1.00 +1.00 01 +0.40 +0.00 0.0 p st 4500 +4.9 +0.80
4500 5000 +4.0 +5.0 -1.00 +1.00 01 +0.40 +0.00 0.0 p st 4500 +4.9 +0.90
4500 5000 +4.0 +5.0 -1.00 +1.00 01 +0.40 +0.00 0.0 p st 4500 +4.9 +1.00
4500 5000 +4.0 +5.0 -1.00 +1.00 01 +0.40 +0.00 0.0 p st 4500 +5.0 -1.00
4500 5000 +4.0 +5.0 -1.00 +1.00 01 +0.40 +0.00 0.0 p st 4500 +5.0 -0.90
4500 5000 +4.0 +5.0 -1.00 +1.00 01 +0.40 +0.00 0.0 p st 4500 +5.0 -0.80
4500 5000 +4.0 +5.0 -1.00 +1.00 01 +0.40 +0.00 0.0 p st 4500 +5.0 -0.70
4500 5000 +4.0 +5.0 -1.00 +1.00 01 +0.40 +0.00 0.0 p st 4500 +5.0 -0.60
4500 5000 +4.0 +5.0 -1.00 +1.00 01 +0.40 +0.00 0.0 p st 4500 +5.0 -0.50
4500 5000 +4.0 +5.0 -1.00 +1.00 01 +0.40 +0.00 0.0 p st 4500 +5.0 -0.40
4500 5000 +4.0 +5.0 -1.00 +1.00 01 +0.40 +0.00 0.0 p st 4500 +5.0 -0.30
4500 5000 +4.0 +5.0 -1.00 +1.00 01 +0.40 +0.00 0.0 p st 4500 +5.0 -0.20
4500 5000 +4.0 +5.0 -1.00 +1.00 01 +0.40 +0.00 0.0 p st 4500 +5.0 -0.10
4500 5000 +4.0 +5.0 -1.00 +1.00 01 +0.40 +0.00 0.0 p st 4500 +5.0 +0.00
4500 5000 +4.0 +5.0 -1.00 +1.00 01 +0.40 +0.00 0.0 p st 4500 +5.0 +0.10
4500 5000 +4.0 +5.0 -1.00 +1.00 01 +0.40 +0.00 0.0 p st 4500 +5.0 +0.20
4500 5000 +4.0 +5.0 -1.00 +1.00 01 +0.40 +0.00 0.0 p st 4500 +5.0 +0.30
4500 5000 +4.0 +5.0 -1.00 +1.00 01 +0.40 +0.00 0.0 p st 4500 +5.0 +0.40
4500 5000 +4.0 +5.0 -1.00 +1.00 01 +0.40 +0.00 0.0 p st 4500 +5.0 +0.50
4500 5000 +4.0 +5.0 -1.00 +1.00 01 +0.40 +0.00 0.0 p st 4500 +5.0 +0.60
4500 5000 +4.0 +5.0 -1.00 +1.00 01 +0.40 +0.00 0.0 p st 4500 +5.0 +0.70
4500 5000 +4.0 +5.0 -1.00 +1.00 01 +0.40 +0.00 0.0 p st 4500 +5.0 +0.80
4500 5000 +4.0 +5.0 -1.00 +1.00 01 +0.40 +0.00 0.0 p st 4500 +5.0 +0.90
4500 5000 +4.0 +5.0 -1.00 +1.00 01 +0.40 +0.00 0.0 p st 4500 +5.0 +1.00
4500 5000 +4.0 +5.0 -1.00 +1.00 01 +0.40 +0.00 0.0 p st 4600 +4.0 -1.00
4500 5000 +4.0 +5.0 -1.00 +1.00 01 +0.40 +0.00 0.0 p st 4600 +4.0 -0.90
4500 5000 +4.0 +5.0 -1.00 +1.00 01 +0.40 +0.00 0.0 p st 4600 +4.0 -0.80
4500 5000 +4.0 +5.0 -1.00 +1.00 01 +0.40 +0.00 0.0 p st 4600 +4.0 -0.70
4500 5000 +4.0 +5.0 -1.00 +1.00 01 +0.40 +0.00 0.0 p st 4600 +4.0 -0.60
4500 5000 +4.0 +5.0 -1.00 +1.00 01 +0.40 +0.00 0.0 p st 4600 +4.0 -0.50
4500 5000 +4.0 +5.0 -1.00 +1.00 01 +0.40 +0.00 0.0 p st 4600 +4.0 -0.40
4500 5000 +4.0 +5.0 -1.00 +1.00 01 +0.40 +0.00 0.0 p st 4600 +4.0 -0.30
4500 5000 +4.0 +5.0 -1.00 +1.00 01 +0.40 +0.00 0.0 p st 4600 +4.0 -0.20
4500 5000 +4.0 +5.0 -1.00 +1.00 01 +0.40 +0.00 0.0 p st 4600 +4.0 -0.10
4500 5000 +4.0 +5.0 -1.00 +1.00 01 +0.40 +0.00 0.0 p st 4600 +4.0 +0.00
4500 5000 +4.0 +5.0 -1.00 +1.00 01 +0.40 +0.00 0.0 p st 4600 +4.0 +0.10
4500 5000 +4.0 +5.0 -1.00 +1.00 01 +0.40 +0.00 0.0 p st 4600 +4.0 +0.20
4500 5000 +4.0 +5.0 -1.00 +1.00 01 +0.40 +0.00 0.0 p st 4600 +4.0 +0.30
4500 5000 +4.0 +5.0 -1.00 +1.00 01 +0.40 +0.00 0.0 p st 4600 +4.0 +0.40
4500 5000 +4.0 +5.0 -1.00 +1.00 01 +0.40 +0.00 0.0 p st 4600 +4.0 +0.50
4500 5000 +4.0 +5.0 -1.00 +1.00 01 +0.40 +0.00 0.0 p st 4600 +4.0 +0.60
4500 5000 +4.0 +5.0 -1.00 +1.00 01 +0.40 +0.00 0.0 p st 4600 +4.0 +0.70
4500 5000 +4.0 +5.0 -1.00 +1.00 01 +0.40 +0.00 0.0 p st 4600 +4.0 +0.80
4500 5000 +4.0 +5.0 -1.00 +1.00 01 +0.40 +0.00 0.0 p st 4600 +4.0 +0.90
4500 5000 +4.0 +5.0 -1.00 +1.00 01 +0.40 +0.00 0.0 p st 4600 +4.0 +1.00
4500 5000 +4.0 +5.0 -1.00 +1.00 01 +0.40 +0.00 0.0 p st 4600 +4.1 -1.00
4500 5000 +4.0 +5.0 -1.00 +1.00 01 +0.40 +0.00 0.0 p st 4600 +4.1 -0.90
4500 5000 +4.0 +5.0 -1.00 +1.00 01 +0.40 +0.00 0.0 p st 4600 +4.1 -0.80
4500 5000 +4.0 +5.0 -1.00 +1.00 01 +0.40 +0.00 0.0 p st 4600 +4.1 -0.70
4500 5000 +4.0 +5.0 -1.00 +1.00 01 +0.40 +0.00 0.0 p st 4600 +4.1 -0.60
4500 5000 +4.0 +5.0 -1.00 +1.00 01 +0.40 +0.00 0.0 p st 4600 +4.1 -0.50
4500 5000 +4.0 +5.0 -1.00 +1.00 01 +0.40 +0.00 0.0 p st 4600 +4.1 -0.40
4500 5000 +4.0 +5.0 -1.00 +1.00 01 +0.40 +0.00 0.0 p st 4600 +4.1 -0.30
4500 5000 +4.0 +5.0 -1.00 +1.00 01 +0.40 +0.00 0.0 p st 4600 +4.1 -0.20
4500 5000 +4.0 +5.0 -1.00 +1.00 01 +0.40 +0.00 0.0 p st 4600 +4.1 -0.10
4500 5000 +4.0 +5.0 -1.00 +1.00 01 +0.40 +0.00 0.0 p st 4600 +4.1 +0.00
4500 5000 +4.0 +5.0 -1.00 +1.00 01 +0.40 +0.00 0.0 p st 4600 +4.1 +0.10
4500 5000 +4.0 +5.0 -1.00 +1.00 01 +0.40 +0.00 0.0 p st 4600 +4.1 +0.20
4500 5000 +4.0 +5.0 -1.00 +1.00 01 +0.40 +0.00 0.0 p st 4600 +4.1 +0.30
4500 5000 +4.0 +5.0 -1.00 +1.00 01 +0.40 +0.00 0.0 p st 4600 +4.1 +0.40
4500 5000 +4.0 +5.0 -1.00 +1.00 01 +0.40 +0.00 0.0 p st 4600 +4.1 +0.50
4500 5000 +4.0 +5.0 -1.00 +1.00 01 +0.40 +0.00 0.0 p st 4600 +4.1 +0.60
4500 5000 +4.0 +5.0 -1.00 +1.00 01 +0.40 +0.00 0.0 p st 4600 +4.1 +0.70
4500 5000 +4.0 +5.0 -1.00 +1.00 01 +0.40 +0.00 0.0 p st 4600 +4.1 +0.80
4500 5000 +4.0 +5.0 -1.00 +1.00 01 +0.40 +0.00 0.0 p st 4600 +4.1 +0.90
4500 5000 +4.0 +5.0 -1.00 +1.00 01 +0.40 +0.00 0.0 p st 4600 +4.1 +1.00
4500 5000 +4.0 +5.0 -1.00 +1.00 01 +0.40 +0.00 0.0 p st 4600 +4.2 -1.00
4500 5000 +4.0 +5.0 -1.00 +1.00 01 +0.40 +0.00 0.0 p st 4600 +4.2 -0.90
4500 5000 +4.0 +5.0 -1.00 +1.00 01 +0.40 +0.00 0.0 p st 4600 +4.2 -0.80
4500 5000 +4.0 +5.0 -1.00 +1.00 01 +0.40 +0.00 0.0 p st 4600 +4.2 -0.70
4500 5000 +4.0 +5.0 -1.00 +1.00 01 +0.40 +0.00 0.0 p st 4600 +4.2 -0.60
4500 5000 +4.0 +5.0 -1.00 +1.00 01 +0.40 +0.00 0.0 p st 4600 +4.2 -0.50
4500 5000 +4.0 +5.0 -1.00 +1.00 01 +0.40 +0.00 0.0 p st 4600 +4.2 -0.40
4500 5000 +4.0 +5.0 -1.00 +1.00 01 +0.40 +0.00 0.0 p st 4600 +4.2 -0.30
4500 5000 +4.0 +5.0 -1.00 +1.00 01 +0.40 +0.00 0.0 p st 4600 +4.2 -0.20
4500 5000 +4.0 +5.0 -1.00 +1.00 01 +0.40 +0.00 0.0 p st 4600 +4.2 -0.10
4500 5000 +4.0 +5.0 -1.00 +1.00 01 +0.40 +0.00 0.0 p st 4600 +4.2 +0.00
4500 5000 +4.0 +5.0 -1.00 +1.00 01 +0.40 +0.00 0.0 p st 4600 +4.2 +0.10
4500 5000 +4.0 +5.0 -1.00 +1.00 01 +0.40 +0.00 0.0 p st 4600 +4.2 +0.20
4500 5000 +4.0 +5.0 -1.00 +1.00 01 +0.40 +0.00 0.0 p st 4600 +4.2 +0.30
4500 5000 +4.0 +5.0 -1.00 +1.00 01 +0.40 +0.00 0.0 p st 4600 +4.2 +0.40
4500 5000 +4.0 +5.0 -1.00 +1.00 01 +0.40 +0.00 0.0 p st 4600 +4.2 +0.50
4500 5000 +4.0 +5.0 -1.00 +1.00 01 +0.40 +0.00 0.0 p st 4600 +4.2 +0.60
4500 5000 +4.0 +5.0 -1.00 +1.00 01 +0.40 +0.00 0.0 p st 4600 +4.2 +0.70
4500 5000 +4.0 +5.0 -1.00 +1.00 01 +0.40 +0.00 0.0 p st 4600 +4.2 +0.80
4500 5000 +4.0 +5.0 -1.00 +1.00 01 +0.40 +0.00 0.0 p st 4600 +4.2 +0.90
4500 5000 +4.0 +5.0 -1.00 +1.00 01 +0.40 +0.00 0.0 p st 4600 +4.2 +1.00
4500 5000 +4.0 +5.0 -1.00 +1.00 01 +0.40 +0.00 0.0 p st 4600 +4.3 -1.00
4500 5000 +4.0 +5.0 -1.00 +1.00 01 +0.40 +0.00 0.0 p st 4600 +4.3 -0.90
4500 5000 +4.0 +5.0 -1.00 +1.00 01 +0.40 +0.00 0.0 p st 4600 +4.3 -0.80
4500 5000 +4.0 +5.0 -1.00 +1.00 01 +0.40 +0.00 0.0 p st 4600 +4.3 -0.70
4500 5000 +4.0 +5.0 -1.00 +1.00 01 +0.40 +0.00 0.0 p st 4600 +4.3 -0.60
4500 5000 +4.0 +5.0 -1.00 +1.00 01 +0.40 +0.00 0.0 p st 4600 +4.3 -0.50
4500 5000 +4.0 +5.0 -1.00 +1.00 01 +0.40 +0.00 0.0 p st 4600 +4.3 -0.40
4500 5000 +4.0 +5.0 -1.00 +1.00 01 +0.40 +0.00 0.0 p st 4600 +4.3 -0.30
4500 5000 +4.0 +5.0 -1.00 +1.00 01 +0.40 +0.00 0.0 p st 4600 +4.3 -0.20
4500 5000 +4.0 +5.0 -1.00 +1.00 01 +0.40 +0.00 0.0 p st 4600 +4.3 -0.10
4500 5000 +4.0 +5.0 -1.00 +1.00 01 +0.40 +0.00 0.0 p st 4600 +4.3 +0.00
4500 5000 +4.0 +5.0 -1.00 +1.00 01 +0.40 +0.00 0.0 p st 4600 +4.3 +0.10
4500 5000 +4.0 +5.0 -1.00 +1.00 01 +0.40 +0.00 0.0 p st 4600 +4.3 +0.20
4500 5000 +4.0 +5.0 -1.00 +1.00 01 +0.40 +0.00 0.0 p st 4600 +4.3 +0.30
4500 5000 +4.0 +5.0 -1.00 +1.00 01 +0.40 +0.00 0.0 p st 4600 +4.3 +0.40
4500 5000 +4.0 +5.0 -1.00 +1.00 01 +0.40 +0.00 0.0 p st 4600 +4.3 +0.50
4500 5000 +4.0 +5.0 -1.00 +1.00 01 +0.40 +0.00 0.0 p st 4600 +4.3 +0.60
4500 5000 +4.0 +5.0 -1.00 +1.00 01 +0.40 +0.00 0.0 p st 4600 +4.3 +0.70
4500 5000 +4.0 +5.0 -1.00 +1.00 01 +0.40 +0.00 0.0 p st 4600 +4.3 +0.80
4500 5000 +4.0 +5.0 -1.00 +1.00 01 +0.40 +0.00 0.0 p st 4600 +4.3 +0.90
4500 5000 +4.0 +5.0 -1.00 +1.00 01 +0.40 +0.00 0.0 p st 4600 +4.3 +1.00
4500 5000 +4.0 +5.0 -1.00 +1.00 01 +0.40 +0.00 0.0 p st 4600 +4.4 -1.00
4500 5000 +4.0 +5.0 -1.00 +1.00 01 +0.40 +0.00 0.0 p st 4600 +4.4 -0.90
4500 5000 +4.0 +5.0 -1.00 +1.00 01 +0.40 +0.00 0.0 p st 4600 +4.4 -0.80
4500 5000 +4.0 +5.0 -1.00 +1.00 01 +0.40 +0.00 0.0 p st 4600 +4.4 -0.70
4500 5000 +4.0 +5.0 -1.00 +1.00 01 +0.40 +0.00 0.0 p st 4600 +4.4 -0.60
4500 5000 +4.0 +5.0 -1.00 +1.00 01 +0.40 +0.00 0.0 p st 4600 +4.4 -0.50
4500 5000 +4.0 +5.0 -1.00 +1.00 01 +0.40 +0.00 0.0 p st 4600 +4.4 -0.40
4500 5000 +4.0 +5.0 -1.00 +1.00 01 +0.40 +0.00 0.0 p st 4600 +4.4 -0.30
4500 5000 +4.0 +5.0 -1.00 +1.00 01 +0.40 +0.00 0.0 p st 4600 +4.4 -0.20
4500 5000 +4.0 +5.0 -1.00 +1.00 01 +0.40 +0.00 0.0 p st 4600 +4.4 -0.10
4500 5000 +4.0 +5.0 -1.00 +1.00 01 +0.40 +0.00 0.0 p st 4600 +4.4 +0.00
4500 5000 +4.0 +5.0 -1.00 +1.00 01 +0.40 +0.00 0.0 p st 4600 +4.4 +0.10
4500 5000 +4.0 +5.0 -1.00 +1.00 01 +0.40 +0.00 0.0 p st 4600 +4.4 +0.20
4500 5000 +4.0 +5.0 -1.00 +1.00 01 +0.40 +0.00 0.0 p st 4600 +4.4 +0.30
4500 5000 +4.0 +5.0 -1.00 +1.00 01 +0.40 +0.00 0.0 p st 4600 +4.4 +0.40
4500 5000 +4.0 +5.0 -1.00 +1.00 01 +0.40 +0.00 0.0 p st 4600 +4.4 +0.50
4500 5000 +4.0 +5.0 -1.00 +1.00 01 +0.40 +0.00 0.0 p st 4600 +4.4 +0.60
4500 5000 +4.0 +5.0 -1.00 +1.00 01 +0.40 +0.00 0.0 p st 4600 +4.4 +0.70
4500 5000 +4.0 +5.0 -1.00 +1.00 01 +0.40 +0.00 0.0 p st 4600 +4.4 +0.80
4500 5000 +4.0 +5.0 -1.00 +1.00 01 +0.40 +0.00 0.0 p st 4600 +4.4 +0.90
4500 5000 +4.0 +5.0 -1.00 +1.00 01 +0.40 +0.00 0.0 p st 4600 +4.4 +1.00
4500 5000 +4.0 +5.0 -1.00 +1.00 01 +0.40 +0.00 0.0 p st 4600 +4.5 -1.00
4500 5000 +4.0 +5.0 -1.00 +1.00 01 +0.40 +0.00 0.0 p st 4600 +4.5 -0.90
4500 5000 +4.0 +5.0 -1.00 +1.00 01 +0.40 +0.00 0.0 p st 4600 +4.5 -0.80
4500 5000 +4.0 +5.0 -1.00 +1.00 01 +0.40 +0.00 0.0 p st 4600 +4.5 -0.70
4500 5000 +4.0 +5.0 -1.00 +1.00 01 +0.40 +0.00 0.0 p st 4600 +4.5 -0.60
4500 5000 +4.0 +5.0 -1.00 +1.00 01 +0.40 +0.00 0.0 p st 4600 +4.5 -0.50
4500 5000 +4.0 +5.0 -1.00 +1.00 01 +0.40 +0.00 0.0 p st 4600 +4.5 -0.40
4500 5000 +4.0 +5.0 -1.00 +1.00 01 +0.40 +0.00 0.0 p st 4600 +4.5 -0.30
4500 5000 +4.0 +5.0 -1.00 +1.00 01 +0.40 +0.00 0.0 p st 4600 +4.5 -0.20
4500 5000 +4.0 +5.0 -1.00 +1.00 01 +0.40 +0.00 0.0 p st 4600 +4.5 -0.10
4500 5000 +4.0 +5.0 -1.00 +1.00 01 +0.40 +0.00 0.0 p st 4600 +4.5 +0.00
4500 5000 +4.0 +5.0 -1.00 +1.00 01 +0.40 +0.00 0.0 p st 4600 +4.5 +0.10
4500 5000 +4.0 +5.0 -1.00 +1.00 01 +0.40 +0.00 0.0 p st 4600 +4.5 +0.20
4500 5000 +4.0 +5.0 -1.00 +1.00 01 +0.40 +0.00 0.0 p st 4600 +4.5 +0.30
4500 5000 +4.0 +5.0 -1.00 +1.00 01 +0.40 +0.00 0.0 p st 4600 +4.5 +0.40
4500 5000 +4.0 +5.0 -1.00 +1.00 01 +0.40 +0.00 0.0 p st 4600 +4.5 +0.50
4500 5000 +4.0 +5.0 -1.00 +1.00 01 +0.40 +0.00 0.0 p st 4600 +4.5 +0.60
4500 5000 +4.0 +5.0 -1.00 +1.00 01 +0.40 +0.00 0.0 p st 4600 +4.5 +0.70
4500 5000 +4.0 +5.0 -1.00 +1.00 01 +0.40 +0.00 0.0 p st 4600 +4.5 +0.80
4500 5000 +4.0 +5.0 -1.00 +1.00 01 +0.40 +0.00 0.0 p st 4600 +4.5 +0.90
4500 5000 +4.0 +5.0 -1.00 +1.00 01 +0.40 +0.00 0.0 p st 4600 +4.5 +1.00
4500 5000 +4.0 +5.0 -1.00 +1.00 01 +0.40 +0.00 0.0 p st 4600 +4.6 -1.00
4500 5000 +4.0 +5.0 -1.00 +1.00 01 +0.40 +0.00 0.0 p st 4600 +4.6 -0.90
4500 5000 +4.0 +5.0 -1.00 +1.00 01 +0.40 +0.00 0.0 p st 4600 +4.6 -0.80
4500 5000 +4.0 +5.0 -1.00 +1.00 01 +0.40 +0.00 0.0 p st 4600 +4.6 -0.70
4500 5000 +4.0 +5.0 -1.00 +1.00 01 +0.40 +0.00 0.0 p st 4600 +4.6 -0.60
4500 5000 +4.0 +5.0 -1.00 +1.00 01 +0.40 +0.00 0.0 p st 4600 +4.6 -0.50
4500 5000 +4.0 +5.0 -1.00 +1.00 01 +0.40 +0.00 0.0 p st 4600 +4.6 -0.40
4500 5000 +4.0 +5.0 -1.00 +1.00 01 +0.40 +0.00 0.0 p st 4600 +4.6 -0.30
4500 5000 +4.0 +5.0 -1.00 +1.00 01 +0.40 +0.00 0.0 p st 4600 +4.6 -0.20
4500 5000 +4.0 +5.0 -1.00 +1.00 01 +0.40 +0.00 0.0 p st 4600 +4.6 -0.10
4500 5000 +4.0 +5.0 -1.00 +1.00 01 +0.40 +0.00 0.0 p st 4600 +4.6 +0.00
4500 5000 +4.0 +5.0 -1.00 +1.00 01 +0.40 +0.00 0.0 p st 4600 +4.6 +0.10
4500 5000 +4.0 +5.0 -1.00 +1.00 01 +0.40 +0.00 0.0 p st 4600 +4.6 +0.20
4500 5000 +4.0 +5.0 -1.00 +1.00 01 +0.40 +0.00 0.0 p st 4600 +4.6 +0.30
4500 5000 +4.0 +5.0 -1.00 +1.00 01 +0.40 +0.00 0.0 p st 4600 +4.6 +0.40
4500 5000 +4.0 +5.0 -1.00 +1.00 01 +0.40 +0.00 0.0 p st 4600 +4.6 +0.50
4500 5000 +4.0 +5.0 -1.00 +1.00 01 +0.40 +0.00 0.0 p st 4600 +4.6 +0.60
4500 5000 +4.0 +5.0 -1.00 +1.00 01 +0.40 +0.00 0.0 p st 4600 +4.6 +0.70
4500 5000 +4.0 +5.0 -1.00 +1.00 01 +0.40 +0.00 0.0 p st 4600 +4.6 +0.80
4500 5000 +4.0 +5.0 -1.00 +1.00 01 +0.40 +0.00 0.0 p st 4600 +4.6 +0.90
4500 5000 +4.0 +5.0 -1.00 +1.00 01 +0.40 +0.00 0.0 p st 4600 +4.6 +1.00
4500 5000 +4.0 +5.0 -1.00 +1.00 01 +0.40 +0.00 0.0 p st 4600 +4.7 -1.00
4500 5000 +4.0 +5.0 -1.00 +1.00 01 +0.40 +0.00 0.0 p st 4600 +4.7 -0.90
4500 5000 +4.0 +5.0 -1.00 +1.00 01 +0.40 +0.00 0.0 p st 4600 +4.7 -0.80
4500 5000 +4.0 +5.0 -1.00 +1.00 01 +0.40 +0.00 0.0 p st 4600 +4.7 -0.70
4500 5000 +4.0 +5.0 -1.00 +1.00 01 +0.40 +0.00 0.0 p st 4600 +4.7 -0.60
4500 5000 +4.0 +5.0 -1.00 +1.00 01 +0.40 +0.00 0.0 p st 4600 +4.7 -0.50
4500 5000 +4.0 +5.0 -1.00 +1.00 01 +0.40 +0.00 0.0 p st 4600 +4.7 -0.40
4500 5000 +4.0 +5.0 -1.00 +1.00 01 +0.40 +0.00 0.0 p st 4600 +4.7 -0.30
4500 5000 +4.0 +5.0 -1.00 +1.00 01 +0.40 +0.00 0.0 p st 4600 +4.7 -0.20
4500 5000 +4.0 +5.0 -1.00 +1.00 01 +0.40 +0.00 0.0 p st 4600 +4.7 -0.10
4500 5000 +4.0 +5.0 -1.00 +1.00 01 +0.40 +0.00 0.0 p st 4600 +4.7 +0.00
4500 5000 +4.0 +5.0 -1.00 +1.00 01 +0.40 +0.00 0.0 p st 4600 +4.7 +0.10
4500 5000 +4.0 +5.0 -1.00 +1.00 01 +0.40 +0.00 0.0 p st 4600 +4.7 +0.20
4500 5000 +4.0 +5.0 -1.00 +1.00 01 +0.40 +0.00 0.0 p st 4600 +4.7 +0.30
4500 5000 +4.0 +5.0 -1.00 +1.00 01 +0.40 +0.00 0.0 p st 4600 +4.7 +0.40
4500 5000 +4.0 +5.0 -1.00 +1.00 01 +0.40 +0.00 0.0 p st 4600 +4.7 +0.50
4500 5000 +4.0 +5.0 -1.00 +1.00 01 +0.40 +0.00 0.0 p st 4600 +4.7 +0.60
4500 5000 +4.0 +5.0 -1.00 +1.00 01 +0.40 +0.00 0.0 p st 4600 +4.7 +0.70
4500 5000 +4.0 +5.0 -1.00 +1.00 01 +0.40 +0.00 0.0 p st 4600 +4.7 +0.80
4500 5000 +4.0 +5.0 -1.00 +1.00 01 +0.40 +0.00 0.0 p st 4600 +4.7 +0.90
4500 5000 +4.0 +5.0 -1.00 +1.00 01 +0.40 +0.00 0.0 p st 4600 +4.7 +1.00
4500 5000 +4.0 +5.0 -1.00 +1.00 01 +0.40 +0.00 0.0 p st 4600 +4.8 -1.00
4500 5000 +4.0 +5.0 -1.00 +1.00 01 +0.40 +0.00 0.0 p st 4600 +4.8 -0.90
4500 5000 +4.0 +5.0 -1.00 +1.00 01 +0.40 +0.00 0.0 p st 4600 +4.8 -0.80
4500 5000 +4.0 +5.0 -1.00 +1.00 01 +0.40 +0.00 0.0 p st 4600 +4.8 -0.70
4500 5000 +4.0 +5.0 -1.00 +1.00 01 +0.40 +0.00 0.0 p st 4600 +4.8 -0.60
4500 5000 +4.0 +5.0 -1.00 +1.00 01 +0.40 +0.00 0.0 p st 4600 +4.8 -0.50
4500 5000 +4.0 +5.0 -1.00 +1.00 01 +0.40 +0.00 0.0 p st 4600 +4.8 -0.40
4500 5000 +4.0 +5.0 -1.00 +1.00 01 +0.40 +0.00 0.0 p st 4600 +4.8 -0.30
4500 5000 +4.0 +5.0 -1.00 +1.00 01 +0.40 +0.00 0.0 p st 4600 +4.8 -0.20
4500 5000 +4.0 +5.0 -1.00 +1.00 01 +0.40 +0.00 0.0 p st 4600 +4.8 -0.10
4500 5000 +4.0 +5.0 -1.00 +1.00 01 +0.40 +0.00 0.0 p st 4600 +4.8 +0.00
4500 5000 +4.0 +5.0 -1.00 +1.00 01 +0.40 +0.00 0.0 p st 4600 +4.8 +0.10
4500 5000 +4.0 +5.0 -1.00 +1.00 01 +0.40 +0.00 0.0 p st 4600 +4.8 +0.20
4500 5000 +4.0 +5.0 -1.00 +1.00 01 +0.40 +0.00 0.0 p st 4600 +4.8 +0.30
4500 5000 +4.0 +5.0 -1.00 +1.00 01 +0.40 +0.00 0.0 p st 4600 +4.8 +0.40
4500 5000 +4.0 +5.0 -1.00 +1.00 01 +0.40 +0.00 0.0 p st 4600 +4.8 +0.50
4500 5000 +4.0 +5.0 -1.00 +1.00 01 +0.40 +0.00 0.0 p st 4600 +4.8 +0.60
4500 5000 +4.0 +5.0 -1.00 +1.00 01 +0.40 +0.00 0.0 p st 4600 +4.8 +0.70
4500 5000 +4.0 +5.0 -1.00 +1.00 01 +0.40 +0.00 0.0 p st 4600 +4.8 +0.80
4500 5000 +4.0 +5.0 -1.00 +1.00 01 +0.40 +0.00 0.0 p st 4600 +4.8 +0.90
4500 5000 +4.0 +5.0 -1.00 +1.00 01 +0.40 +0.00 0.0 p st 4600 +4.8 +1.00
4500 5000 +4.0 +5.0 -1.00 +1.00 01 +0.40 +0.00 0.0 p st 4600 +4.9 -1.00
4500 5000 +4.0 +5.0 -1.00 +1.00 01 +0.40 +0.00 0.0 p st 4600 +4.9 -0.90
4500 5000 +4.0 +5.0 -1.00 +1.00 01 +0.40 +0.00 0.0 p st 4600 +4.9 -0.80
4500 5000 +4.0 +5.0 -1.00 +1.00 01 +0.40 +0.00 0.0 p st 4600 +4.9 -0.70
4500 5000 +4.0 +5.0 -1.00 +1.00 01 +0.40 +0.00 0.0 p st 4600 +4.9 -0.60
4500 5000 +4.0 +5.0 -1.00 +1.00 01 +0.40 +0.00 0.0 p st 4600 +4.9 -0.50
4500 5000 +4.0 +5.0 -1.00 +1.00 01 +0.40 +0.00 0.0 p st 4600 +4.9 -0.40
4500 5000 +4.0 +5.0 -1.00 +1.00 01 +0.40 +0.00 0.0 p st 4600 +4.9 -0.30
4500 5000 +4.0 +5.0 -1.00 +1.00 01 +0.40 +0.00 0.0 p st 4600 +4.9 -0.20
4500 5000 +4.0 +5.0 -1.00 +1.00 01 +0.40 +0.00 0.0 p st 4600 +4.9 -0.10
4500 5000 +4.0 +5.0 -1.00 +1.00 01 +0.40 +0.00 0.0 p st 4600 +4.9 +0.00
4500 5000 +4.0 +5.0 -1.00 +1.00 01 +0.40 +0.00 0.0 p st 4600 +4.9 +0.10
4500 5000 +4.0 +5.0 -1.00 +1.00 01 +0.40 +0.00 0.0 p st 4600 +4.9 +0.20
4500 5000 +4.0 +5.0 -1.00 +1.00 01 +0.40 +0.00 0.0 p st 4600 +4.9 +0.30
4500 5000 +4.0 +5.0 -1.00 +1.00 01 +0.40 +0.00 0.0 p st 4600 +4.9 +0.40
4500 5000 +4.0 +5.0 -1.00 +1.00 01 +0.40 +0.00 0.0 p st 4600 +4.9 +0.50
4500 5000 +4.0 +5.0 -1.00 +1.00 01 +0.40 +0.00 0.0 p st 4600 +4.9 +0.60
4500 5000 +4.0 +5.0 -1.00 +1.00 01 +0.40 +0.00 0.0 p st 4600 +4.9 +0.70
4500 5000 +4.0 +5.0 -1.00 +1.00 01 +0.40 +0.00 0.0 p st 4600 +4.9 +0.80
4500 5000 +4.0 +5.0 -1.00 +1.00 01 +0.40 +0.00 0.0 p st 4600 +4.9 +0.90
4500 5000 +4.0 +5.0 -1.00 +1.00 01 +0.40 +0.00 0.0 p st 4600 +4.9 +1.00
4500 5000 +4.0 +5.0 -1.00 +1.00 01 +0.40 +0.00 0.0 p st 4600 +5.0 -1.00
4500 5000 +4.0 +5.0 -1.00 +1.00 01 +0.40 +0.00 0.0 p st 4600 +5.0 -0.90
4500 5000 +4.0 +5.0 -1.00 +1.00 01 +0.40 +0.00 0.0 p st 4600 +5.0 -0.80
4500 5000 +4.0 +5.0 -1.00 +1.00 01 +0.40 +0.00 0.0 p st 4600 +5.0 -0.70
4500 5000 +4.0 +5.0 -1.00 +1.00 01 +0.40 +0.00 0.0 p st 4600 +5.0 -0.60
4500 5000 +4.0 +5.0 -1.00 +1.00 01 +0.40 +0.00 0.0 p st 4600 +5.0 -0.50
4500 5000 +4.0 +5.0 -1.00 +1.00 01 +0.40 +0.00 0.0 p st 4600 +5.0 -0.40
4500 5000 +4.0 +5.0 -1.00 +1.00 01 +0.40 +0.00 0.0 p st 4600 +5.0 -0.30
4500 5000 +4.0 +5.0 -1.00 +1.00 01 +0.40 +0.00 0.0 p st 4600 +5.0 -0.20
4500 5000 +4.0 +5.0 -1.00 +1.00 01 +0.40 +0.00 0.0 p st 4600 +5.0 -0.10
4500 5000 +4.0 +5.0 -1.00 +1.00 01 +0.40 +0.00 0.0 p st 4600 +5.0 +0.00
4500 5000 +4.0 +5.0 -1.00 +1.00 01 +0.40 +0.00 0.0 p st 4600 +5.0 +0.10
4500 5000 +4.0 +5.0 -1.00 +1.00 01 +0.40 +0.00 0.0 p st 4600 +5.0 +0.20
4500 5000 +4.0 +5.0 -1.00 +1.00 01 +0.40 +0.00 0.0 p st 4600 +5.0 +0.30
4500 5000 +4.0 +5.0 -1.00 +1.00 01 +0.40 +0.00 0.0 p st 4600 +5.0 +0.40
4500 5000 +4.0 +5.0 -1.00 +1.00 01 +0.40 +0.00 0.0 p st 4600 +5.0 +0.50
4500 5000 +4.0 +5.0 -1.00 +1.00 01 +0.40 +0.00 0.0 p st 4600 +5.0 +0.60
4500 5000 +4.0 +5.0 -1.00 +1.00 01 +0.40 +0.00 0.0 p st 4600 +5.0 +0.70
4500 5000 +4.0 +5.0 -1.00 +1.00 01 +0.40 +0.00 0.0 p st 4600 +5.0 +0.80
4500 5000 +4.0 +5.0 -1.00 +1.00 01 +0.40 +0.00 0.0 p st 4600 +5.0 +0.90
4500 5000 +4.0 +5.0 -1.00 +1.00 01 +0.40 +0.00 0.0 p st 4600 +5.0 +1.00
4500 5000 +4.0 +5.0 -1.00 +1.00 01 +0.40 +0.00 0.0 p st 4700 +4.0 -1.00
4500 5000 +4.0 +5.0 -1.00 +1.00 01 +0.40 +0.00 0.0 p st 4700 +4.0 -0.90
4500 5000 +4.0 +5.0 -1.00 +1.00 01 +0.40 +0.00 0.0 p st 4700 +4.0 -0.80
4500 5000 +4.0 +5.0 -1.00 +1.00 01 +0.40 +0.00 0.0 p st 4700 +4.0 -0.70
4500 5000 +4.0 +5.0 -1.00 +1.00 01 +0.40 +0.00 0.0 p st 4700 +4.0 -0.60
4500 5000 +4.0 +5.0 -1.00 +1.00 01 +0.40 +0.00 0.0 p st 4700 +4.0 -0.50
4500 5000 +4.0 +5.0 -1.00 +1.00 01 +0.40 +0.00 0.0 p st 4700 +4.0 -0.40
4500 5000 +4.0 +5.0 -1.00 +1.00 01 +0.40 +0.00 0.0 p st 4700 +4.0 -0.30
4500 5000 +4.0 +5.0 -1.00 +1.00 01 +0.40 +0.00 0.0 p st 4700 +4.0 -0.20
4500 5000 +4.0 +5.0 -1.00 +1.00 01 +0.40 +0.00 0.0 p st 4700 +4.0 -0.10
4500 5000 +4.0 +5.0 -1.00 +1.00 01 +0.40 +0.00 0.0 p st 4700 +4.0 +0.00
4500 5000 +4.0 +5.0 -1.00 +1.00 01 +0.40 +0.00 0.0 p st 4700 +4.0 +0.10
4500 5000 +4.0 +5.0 -1.00 +1.00 01 +0.40 +0.00 0.0 p st 4700 +4.0 +0.20
4500 5000 +4.0 +5.0 -1.00 +1.00 01 +0.40 +0.00 0.0 p st 4700 +4.0 +0.30
4500 5000 +4.0 +5.0 -1.00 +1.00 01 +0.40 +0.00 0.0 p st 4700 +4.0 +0.40
4500 5000 +4.0 +5.0 -1.00 +1.00 01 +0.40 +0.00 0.0 p st 4700 +4.0 +0.50
4500 5000 +4.0 +5.0 -1.00 +1.00 01 +0.40 +0.00 0.0 p st 4700 +4.0 +0.60
4500 5000 +4.0 +5.0 -1.00 +1.00 01 +0.40 +0.00 0.0 p st 4700 +4.0 +0.70
4500 5000 +4.0 +5.0 -1.00 +1.00 01 +0.40 +0.00 0.0 p st 4700 +4.0 +0.80
4500 5000 +4.0 +5.0 -1.00 +1.00 01 +0.40 +0.00 0.0 p st 4700 +4.0 +0.90
4500 5000 +4.0 +5.0 -1.00 +1.00 01 +0.40 +0.00 0.0 p st 4700 +4.0 +1.00
4500 5000 +4.0 +5.0 -1.00 +1.00 01 +0.40 +0.00 0.0 p st 4700 +4.1 -1.00
4500 5000 +4.0 +5.0 -1.00 +1.00 01 +0.40 +0.00 0.0 p st 4700 +4.1 -0.90
4500 5000 +4.0 +5.0 -1.00 +1.00 01 +0.40 +0.00 0.0 p st 4700 +4.1 -0.80
4500 5000 +4.0 +5.0 -1.00 +1.00 01 +0.40 +0.00 0.0 p st 4700 +4.1 -0.70
4500 5000 +4.0 +5.0 -1.00 +1.00 01 +0.40 +0.00 0.0 p st 4700 +4.1 -0.60
4500 5000 +4.0 +5.0 -1.00 +1.00 01 +0.40 +0.00 0.0 p st 4700 +4.1 -0.50
4500 5000 +4.0 +5.0 -1.00 +1.00 01 +0.40 +0.00 0.0 p st 4700 +4.1 -0.40
4500 5000 +4.0 +5.0 -1.00 +1.00 01 +0.40 +0.00 0.0 p st 4700 +4.1 -0.30
4500 5000 +4.0 +5.0 -1.00 +1.00 01 +0.40 +0.00 0.0 p st 4700 +4.1 -0.20
4500 5000 +4.0 +5.0 -1.00 +1.00 01 +0.40 +0.00 0.0 p st 4700 +4.1 -0.10
4500 5000 +4.0 +5.0 -1.00 +1.00 01 +0.40 +0.00 0.0 p st 4700 +4.1 +0.00
4500 5000 +4.0 +5.0 -1.00 +1.00 01 +0.40 +0.00 0.0 p st 4700 +4.1 +0.10
4500 5000 +4.0 +5.0 -1.00 +1.00 01 +0.40 +0.00 0.0 p st 4700 +4.1 +0.20
4500 5000 +4.0 +5.0 -1.00 +1.00 01 +0.40 +0.00 0.0 p st 4700 +4.1 +0.30
4500 5000 +4.0 +5.0 -1.00 +1.00 01 +0.40 +0.00 0.0 p st 4700 +4.1 +0.40
4500 5000 +4.0 +5.0 -1.00 +1.00 01 +0.40 +0.00 0.0 p st 4700 +4.1 +0.50
4500 5000 +4.0 +5.0 -1.00 +1.00 01 +0.40 +0.00 0.0 p st 4700 +4.1 +0.60
4500 5000 +4.0 +5.0 -1.00 +1.00 01 +0.40 +0.00 0.0 p st 4700 +4.1 +0.70
4500 5000 +4.0 +5.0 -1.00 +1.00 01 +0.40 +0.00 0.0 p st 4700 +4.1 +0.80
4500 5000 +4.0 +5.0 -1.00 +1.00 01 +0.40 +0.00 0.0 p st 4700 +4.1 +0.90
4500 5000 +4.0 +5.0 -1.00 +1.00 01 +0.40 +0.00 0.0 p st 4700 +4.1 +1.00
4500 5000 +4.0 +5.0 -1.00 +1.00 01 +0.40 +0.00 0.0 p st 4700 +4.2 -1.00
4500 5000 +4.0 +5.0 -1.00 +1.00 01 +0.40 +0.00 0.0 p st 4700 +4.2 -0.90
4500 5000 +4.0 +5.0 -1.00 +1.00 01 +0.40 +0.00 0.0 p st 4700 +4.2 -0.80
4500 5000 +4.0 +5.0 -1.00 +1.00 01 +0.40 +0.00 0.0 p st 4700 +4.2 -0.70
4500 5000 +4.0 +5.0 -1.00 +1.00 01 +0.40 +0.00 0.0 p st 4700 +4.2 -0.60
4500 5000 +4.0 +5.0 -1.00 +1.00 01 +0.40 +0.00 0.0 p st 4700 +4.2 -0.50
4500 5000 +4.0 +5.0 -1.00 +1.00 01 +0.40 +0.00 0.0 p st 4700 +4.2 -0.40
4500 5000 +4.0 +5.0 -1.00 +1.00 01 +0.40 +0.00 0.0 p st 4700 +4.2 -0.30
4500 5000 +4.0 +5.0 -1.00 +1.00 01 +0.40 +0.00 0.0 p st 4700 +4.2 -0.20
4500 5000 +4.0 +5.0 -1.00 +1.00 01 +0.40 +0.00 0.0 p st 4700 +4.2 -0.10
4500 5000 +4.0 +5.0 -1.00 +1.00 01 +0.40 +0.00 0.0 p st 4700 +4.2 +0.00
4500 5000 +4.0 +5.0 -1.00 +1.00 01 +0.40 +0.00 0.0 p st 4700 +4.2 +0.10
4500 5000 +4.0 +5.0 -1.00 +1.00 01 +0.40 +0.00 0.0 p st 4700 +4.2 +0.20
4500 5000 +4.0 +5.0 -1.00 +1.00 01 +0.40 +0.00 0.0 p st 4700 +4.2 +0.30
4500 5000 +4.0 +5.0 -1.00 +1.00 01 +0.40 +0.00 0.0 p st 4700 +4.2 +0.40
4500 5000 +4.0 +5.0 -1.00 +1.00 01 +0.40 +0.00 0.0 p st 4700 +4.2 +0.50
4500 5000 +4.0 +5.0 -1.00 +1.00 01 +0.40 +0.00 0.0 p st 4700 +4.2 +0.60
4500 5000 +4.0 +5.0 -1.00 +1.00 01 +0.40 +0.00 0.0 p st 4700 +4.2 +0.70
4500 5000 +4.0 +5.0 -1.00 +1.00 01 +0.40 +0.00 0.0 p st 4700 +4.2 +0.80
4500 5000 +4.0 +5.0 -1.00 +1.00 01 +0.40 +0.00 0.0 p st 4700 +4.2 +0.90
4500 5000 +4.0 +5.0 -1.00 +1.00 01 +0.40 +0.00 0.0 p st 4700 +4.2 +1.00
4500 5000 +4.0 +5.0 -1.00 +1.00 01 +0.40 +0.00 0.0 p st 4700 +4.3 -1.00
4500 5000 +4.0 +5.0 -1.00 +1.00 01 +0.40 +0.00 0.0 p st 4700 +4.3 -0.90
4500 5000 +4.0 +5.0 -1.00 +1.00 01 +0.40 +0.00 0.0 p st 4700 +4.3 -0.80
4500 5000 +4.0 +5.0 -1.00 +1.00 01 +0.40 +0.00 0.0 p st 4700 +4.3 -0.70
4500 5000 +4.0 +5.0 -1.00 +1.00 01 +0.40 +0.00 0.0 p st 4700 +4.3 -0.60
4500 5000 +4.0 +5.0 -1.00 +1.00 01 +0.40 +0.00 0.0 p st 4700 +4.3 -0.50
4500 5000 +4.0 +5.0 -1.00 +1.00 01 +0.40 +0.00 0.0 p st 4700 +4.3 -0.40
4500 5000 +4.0 +5.0 -1.00 +1.00 01 +0.40 +0.00 0.0 p st 4700 +4.3 -0.30
4500 5000 +4.0 +5.0 -1.00 +1.00 01 +0.40 +0.00 0.0 p st 4700 +4.3 -0.20
4500 5000 +4.0 +5.0 -1.00 +1.00 01 +0.40 +0.00 0.0 p st 4700 +4.3 -0.10
4500 5000 +4.0 +5.0 -1.00 +1.00 01 +0.40 +0.00 0.0 p st 4700 +4.3 +0.00
4500 5000 +4.0 +5.0 -1.00 +1.00 01 +0.40 +0.00 0.0 p st 4700 +4.3 +0.10
4500 5000 +4.0 +5.0 -1.00 +1.00 01 +0.40 +0.00 0.0 p st 4700 +4.3 +0.20
4500 5000 +4.0 +5.0 -1.00 +1.00 01 +0.40 +0.00 0.0 p st 4700 +4.3 +0.30
4500 5000 +4.0 +5.0 -1.00 +1.00 01 +0.40 +0.00 0.0 p st 4700 +4.3 +0.40
4500 5000 +4.0 +5.0 -1.00 +1.00 01 +0.40 +0.00 0.0 p st 4700 +4.3 +0.50
4500 5000 +4.0 +5.0 -1.00 +1.00 01 +0.40 +0.00 0.0 p st 4700 +4.3 +0.60
4500 5000 +4.0 +5.0 -1.00 +1.00 01 +0.40 +0.00 0.0 p st 4700 +4.3 +0.70
4500 5000 +4.0 +5.0 -1.00 +1.00 01 +0.40 +0.00 0.0 p st 4700 +4.3 +0.80
4500 5000 +4.0 +5.0 -1.00 +1.00 01 +0.40 +0.00 0.0 p st 4700 +4.3 +0.90
4500 5000 +4.0 +5.0 -1.00 +1.00 01 +0.40 +0.00 0.0 p st 4700 +4.3 +1.00
4500 5000 +4.0 +5.0 -1.00 +1.00 01 +0.40 +0.00 0.0 p st 4700 +4.4 -1.00
4500 5000 +4.0 +5.0 -1.00 +1.00 01 +0.40 +0.00 0.0 p st 4700 +4.4 -0.90
4500 5000 +4.0 +5.0 -1.00 +1.00 01 +0.40 +0.00 0.0 p st 4700 +4.4 -0.80
4500 5000 +4.0 +5.0 -1.00 +1.00 01 +0.40 +0.00 0.0 p st 4700 +4.4 -0.70
4500 5000 +4.0 +5.0 -1.00 +1.00 01 +0.40 +0.00 0.0 p st 4700 +4.4 -0.60
4500 5000 +4.0 +5.0 -1.00 +1.00 01 +0.40 +0.00 0.0 p st 4700 +4.4 -0.50
4500 5000 +4.0 +5.0 -1.00 +1.00 01 +0.40 +0.00 0.0 p st 4700 +4.4 -0.40
4500 5000 +4.0 +5.0 -1.00 +1.00 01 +0.40 +0.00 0.0 p st 4700 +4.4 -0.30
4500 5000 +4.0 +5.0 -1.00 +1.00 01 +0.40 +0.00 0.0 p st 4700 +4.4 -0.20
4500 5000 +4.0 +5.0 -1.00 +1.00 01 +0.40 +0.00 0.0 p st 4700 +4.4 -0.10
4500 5000 +4.0 +5.0 -1.00 +1.00 01 +0.40 +0.00 0.0 p st 4700 +4.4 +0.00
4500 5000 +4.0 +5.0 -1.00 +1.00 01 +0.40 +0.00 0.0 p st 4700 +4.4 +0.10
4500 5000 +4.0 +5.0 -1.00 +1.00 01 +0.40 +0.00 0.0 p st 4700 +4.4 +0.20
4500 5000 +4.0 +5.0 -1.00 +1.00 01 +0.40 +0.00 0.0 p st 4700 +4.4 +0.30
4500 5000 +4.0 +5.0 -1.00 +1.00 01 +0.40 +0.00 0.0 p st 4700 +4.4 +0.40
4500 5000 +4.0 +5.0 -1.00 +1.00 01 +0.40 +0.00 0.0 p st 4700 +4.4 +0.50
4500 5000 +4.0 +5.0 -1.00 +1.00 01 +0.40 +0.00 0.0 p st 4700 +4.4 +0.60
4500 5000 +4.0 +5.0 -1.00 +1.00 01 +0.40 +0.00 0.0 p st 4700 +4.4 +0.70
4500 5000 +4.0 +5.0 -1.00 +1.00 01 +0.40 +0.00 0.0 p st 4700 +4.4 +0.80
4500 5000 +4.0 +5.0 -1.00 +1.00 01 +0.40 +0.00 0.0 p st 4700 +4.4 +0.90
4500 5000 +4.0 +5.0 -1.00 +1.00 01 +0.40 +0.00 0.0 p st 4700 +4.4 +1.00
4500 5000 +4.0 +5.0 -1.00 +1.00 01 +0.40 +0.00 0.0 p st 4700 +4.5 -1.00
4500 5000 +4.0 +5.0 -1.00 +1.00 01 +0.40 +0.00 0.0 p st 4700 +4.5 -0.90
4500 5000 +4.0 +5.0 -1.00 +1.00 01 +0.40 +0.00 0.0 p st 4700 +4.5 -0.80
4500 5000 +4.0 +5.0 -1.00 +1.00 01 +0.40 +0.00 0.0 p st 4700 +4.5 -0.70
4500 5000 +4.0 +5.0 -1.00 +1.00 01 +0.40 +0.00 0.0 p st 4700 +4.5 -0.60
4500 5000 +4.0 +5.0 -1.00 +1.00 01 +0.40 +0.00 0.0 p st 4700 +4.5 -0.50
4500 5000 +4.0 +5.0 -1.00 +1.00 01 +0.40 +0.00 0.0 p st 4700 +4.5 -0.40
4500 5000 +4.0 +5.0 -1.00 +1.00 01 +0.40 +0.00 0.0 p st 4700 +4.5 -0.30
4500 5000 +4.0 +5.0 -1.00 +1.00 01 +0.40 +0.00 0.0 p st 4700 +4.5 -0.20
4500 5000 +4.0 +5.0 -1.00 +1.00 01 +0.40 +0.00 0.0 p st 4700 +4.5 -0.10
4500 5000 +4.0 +5.0 -1.00 +1.00 01 +0.40 +0.00 0.0 p st 4700 +4.5 +0.00
4500 5000 +4.0 +5.0 -1.00 +1.00 01 +0.40 +0.00 0.0 p st 4700 +4.5 +0.10
4500 5000 +4.0 +5.0 -1.00 +1.00 01 +0.40 +0.00 0.0 p st 4700 +4.5 +0.20
4500 5000 +4.0 +5.0 -1.00 +1.00 01 +0.40 +0.00 0.0 p st 4700 +4.5 +0.30
4500 5000 +4.0 +5.0 -1.00 +1.00 01 +0.40 +0.00 0.0 p st 4700 +4.5 +0.40
4500 5000 +4.0 +5.0 -1.00 +1.00 01 +0.40 +0.00 0.0 p st 4700 +4.5 +0.50
4500 5000 +4.0 +5.0 -1.00 +1.00 01 +0.40 +0.00 0.0 p st 4700 +4.5 +0.60
4500 5000 +4.0 +5.0 -1.00 +1.00 01 +0.40 +0.00 0.0 p st 4700 +4.5 +0.70
4500 5000 +4.0 +5.0 -1.00 +1.00 01 +0.40 +0.00 0.0 p st 4700 +4.5 +0.80
4500 5000 +4.0 +5.0 -1.00 +1.00 01 +0.40 +0.00 0.0 p st 4700 +4.5 +0.90
4500 5000 +4.0 +5.0 -1.00 +1.00 01 +0.40 +0.00 0.0 p st 4700 +4.5 +1.00
4500 5000 +4.0 +5.0 -1.00 +1.00 01 +0.40 +0.00 0.0 p st 4700 +4.6 -1.00
4500 5000 +4.0 +5.0 -1.00 +1.00 01 +0.40 +0.00 0.0 p st 4700 +4.6 -0.90
4500 5000 +4.0 +5.0 -1.00 +1.00 01 +0.40 +0.00 0.0 p st 4700 +4.6 -0.80
4500 5000 +4.0 +5.0 -1.00 +1.00 01 +0.40 +0.00 0.0 p st 4700 +4.6 -0.70
4500 5000 +4.0 +5.0 -1.00 +1.00 01 +0.40 +0.00 0.0 p st 4700 +4.6 -0.60
4500 5000 +4.0 +5.0 -1.00 +1.00 01 +0.40 +0.00 0.0 p st 4700 +4.6 -0.50
4500 5000 +4.0 +5.0 -1.00 +1.00 01 +0.40 +0.00 0.0 p st 4700 +4.6 -0.40
4500 5000 +4.0 +5.0 -1.00 +1.00 01 +0.40 +0.00 0.0 p st 4700 +4.6 -0.30
4500 5000 +4.0 +5.0 -1.00 +1.00 01 +0.40 +0.00 0.0 p st 4700 +4.6 -0.20
4500 5000 +4.0 +5.0 -1.00 +1.00 01 +0.40 +0.00 0.0 p st 4700 +4.6 -0.10
4500 5000 +4.0 +5.0 -1.00 +1.00 01 +0.40 +0.00 0.0 p st 4700 +4.6 +0.00
4500 5000 +4.0 +5.0 -1.00 +1.00 01 +0.40 +0.00 0.0 p st 4700 +4.6 +0.10
4500 5000 +4.0 +5.0 -1.00 +1.00 01 +0.40 +0.00 0.0 p st 4700 +4.6 +0.20
4500 5000 +4.0 +5.0 -1.00 +1.00 01 +0.40 +0.00 0.0 p st 4700 +4.6 +0.30
4500 5000 +4.0 +5.0 -1.00 +1.00 01 +0.40 +0.00 0.0 p st 4700 +4.6 +0.40
4500 5000 +4.0 +5.0 -1.00 +1.00 01 +0.40 +0.00 0.0 p st 4700 +4.6 +0.50
4500 5000 +4.0 +5.0 -1.00 +1.00 01 +0.40 +0.00 0.0 p st 4700 +4.6 +0.60
4500 5000 +4.0 +5.0 -1.00 +1.00 01 +0.40 +0.00 0.0 p st 4700 +4.6 +0.70
4500 5000 +4.0 +5.0 -1.00 +1.00 01 +0.40 +0.00 0.0 p st 4700 +4.6 +0.80
4500 5000 +4.0 +5.0 -1.00 +1.00 01 +0.40 +0.00 0.0 p st 4700 +4.6 +0.90
4500 5000 +4.0 +5.0 -1.00 +1.00 01 +0.40 +0.00 0.0 p st 4700 +4.6 +1.00
4500 5000 +4.0 +5.0 -1.00 +1.00 01 +0.40 +0.00 0.0 p st 4700 +4.7 -1.00
4500 5000 +4.0 +5.0 -1.00 +1.00 01 +0.40 +0.00 0.0 p st 4700 +4.7 -0.90
4500 5000 +4.0 +5.0 -1.00 +1.00 01 +0.40 +0.00 0.0 p st 4700 +4.7 -0.80
4500 5000 +4.0 +5.0 -1.00 +1.00 01 +0.40 +0.00 0.0 p st 4700 +4.7 -0.70
4500 5000 +4.0 +5.0 -1.00 +1.00 01 +0.40 +0.00 0.0 p st 4700 +4.7 -0.60
4500 5000 +4.0 +5.0 -1.00 +1.00 01 +0.40 +0.00 0.0 p st 4700 +4.7 -0.50
4500 5000 +4.0 +5.0 -1.00 +1.00 01 +0.40 +0.00 0.0 p st 4700 +4.7 -0.40
4500 5000 +4.0 +5.0 -1.00 +1.00 01 +0.40 +0.00 0.0 p st 4700 +4.7 -0.30
4500 5000 +4.0 +5.0 -1.00 +1.00 01 +0.40 +0.00 0.0 p st 4700 +4.7 -0.20
4500 5000 +4.0 +5.0 -1.00 +1.00 01 +0.40 +0.00 0.0 p st 4700 +4.7 -0.10
4500 5000 +4.0 +5.0 -1.00 +1.00 01 +0.40 +0.00 0.0 p st 4700 +4.7 +0.00
4500 5000 +4.0 +5.0 -1.00 +1.00 01 +0.40 +0.00 0.0 p st 4700 +4.7 +0.10
4500 5000 +4.0 +5.0 -1.00 +1.00 01 +0.40 +0.00 0.0 p st 4700 +4.7 +0.20
4500 5000 +4.0 +5.0 -1.00 +1.00 01 +0.40 +0.00 0.0 p st 4700 +4.7 +0.30
4500 5000 +4.0 +5.0 -1.00 +1.00 01 +0.40 +0.00 0.0 p st 4700 +4.7 +0.40
4500 5000 +4.0 +5.0 -1.00 +1.00 01 +0.40 +0.00 0.0 p st 4700 +4.7 +0.50
4500 5000 +4.0 +5.0 -1.00 +1.00 01 +0.40 +0.00 0.0 p st 4700 +4.7 +0.60
4500 5000 +4.0 +5.0 -1.00 +1.00 01 +0.40 +0.00 0.0 p st 4700 +4.7 +0.70
4500 5000 +4.0 +5.0 -1.00 +1.00 01 +0.40 +0.00 0.0 p st 4700 +4.7 +0.80
4500 5000 +4.0 +5.0 -1.00 +1.00 01 +0.40 +0.00 0.0 p st 4700 +4.7 +0.90
4500 5000 +4.0 +5.0 -1.00 +1.00 01 +0.40 +0.00 0.0 p st 4700 +4.7 +1.00
4500 5000 +4.0 +5.0 -1.00 +1.00 01 +0.40 +0.00 0.0 p st 4700 +4.8 -1.00
4500 5000 +4.0 +5.0 -1.00 +1.00 01 +0.40 +0.00 0.0 p st 4700 +4.8 -0.90
4500 5000 +4.0 +5.0 -1.00 +1.00 01 +0.40 +0.00 0.0 p st 4700 +4.8 -0.80
4500 5000 +4.0 +5.0 -1.00 +1.00 01 +0.40 +0.00 0.0 p st 4700 +4.8 -0.70
4500 5000 +4.0 +5.0 -1.00 +1.00 01 +0.40 +0.00 0.0 p st 4700 +4.8 -0.60
4500 5000 +4.0 +5.0 -1.00 +1.00 01 +0.40 +0.00 0.0 p st 4700 +4.8 -0.50
4500 5000 +4.0 +5.0 -1.00 +1.00 01 +0.40 +0.00 0.0 p st 4700 +4.8 -0.40
4500 5000 +4.0 +5.0 -1.00 +1.00 01 +0.40 +0.00 0.0 p st 4700 +4.8 -0.30
4500 5000 +4.0 +5.0 -1.00 +1.00 01 +0.40 +0.00 0.0 p st 4700 +4.8 -0.20
4500 5000 +4.0 +5.0 -1.00 +1.00 01 +0.40 +0.00 0.0 p st 4700 +4.8 -0.10
4500 5000 +4.0 +5.0 -1.00 +1.00 01 +0.40 +0.00 0.0 p st 4700 +4.8 +0.00
4500 5000 +4.0 +5.0 -1.00 +1.00 01 +0.40 +0.00 0.0 p st 4700 +4.8 +0.10
4500 5000 +4.0 +5.0 -1.00 +1.00 01 +0.40 +0.00 0.0 p st 4700 +4.8 +0.20
4500 5000 +4.0 +5.0 -1.00 +1.00 01 +0.40 +0.00 0.0 p st 4700 +4.8 +0.30
4500 5000 +4.0 +5.0 -1.00 +1.00 01 +0.40 +0.00 0.0 p st 4700 +4.8 +0.40
4500 5000 +4.0 +5.0 -1.00 +1.00 01 +0.40 +0.00 0.0 p st 4700 +4.8 +0.50
4500 5000 +4.0 +5.0 -1.00 +1.00 01 +0.40 +0.00 0.0 p st 4700 +4.8 +0.60
4500 5000 +4.0 +5.0 -1.00 +1.00 01 +0.40 +0.00 0.0 p st 4700 +4.8 +0.70
4500 5000 +4.0 +5.0 -1.00 +1.00 01 +0.40 +0.00 0.0 p st 4700 +4.8 +0.80
4500 5000 +4.0 +5.0 -1.00 +1.00 01 +0.40 +0.00 0.0 p st 4700 +4.8 +0.90
4500 5000 +4.0 +5.0 -1.00 +1.00 01 +0.40 +0.00 0.0 p st 4700 +4.8 +1.00
4500 5000 +4.0 +5.0 -1.00 +1.00 01 +0.40 +0.00 0.0 p st 4700 +4.9 -1.00
4500 5000 +4.0 +5.0 -1.00 +1.00 01 +0.40 +0.00 0.0 p st 4700 +4.9 -0.90
4500 5000 +4.0 +5.0 -1.00 +1.00 01 +0.40 +0.00 0.0 p st 4700 +4.9 -0.80
4500 5000 +4.0 +5.0 -1.00 +1.00 01 +0.40 +0.00 0.0 p st 4700 +4.9 -0.70
4500 5000 +4.0 +5.0 -1.00 +1.00 01 +0.40 +0.00 0.0 p st 4700 +4.9 -0.60
4500 5000 +4.0 +5.0 -1.00 +1.00 01 +0.40 +0.00 0.0 p st 4700 +4.9 -0.50
4500 5000 +4.0 +5.0 -1.00 +1.00 01 +0.40 +0.00 0.0 p st 4700 +4.9 -0.40
4500 5000 +4.0 +5.0 -1.00 +1.00 01 +0.40 +0.00 0.0 p st 4700 +4.9 -0.30
4500 5000 +4.0 +5.0 -1.00 +1.00 01 +0.40 +0.00 0.0 p st 4700 +4.9 -0.20
4500 5000 +4.0 +5.0 -1.00 +1.00 01 +0.40 +0.00 0.0 p st 4700 +4.9 -0.10
4500 5000 +4.0 +5.0 -1.00 +1.00 01 +0.40 +0.00 0.0 p st 4700 +4.9 +0.00
4500 5000 +4.0 +5.0 -1.00 +1.00 01 +0.40 +0.00 0.0 p st 4700 +4.9 +0.10
4500 5000 +4.0 +5.0 -1.00 +1.00 01 +0.40 +0.00 0.0 p st 4700 +4.9 +0.20
4500 5000 +4.0 +5.0 -1.00 +1.00 01 +0.40 +0.00 0.0 p st 4700 +4.9 +0.30
4500 5000 +4.0 +5.0 -1.00 +1.00 01 +0.40 +0.00 0.0 p st 4700 +4.9 +0.40
4500 5000 +4.0 +5.0 -1.00 +1.00 01 +0.40 +0.00 0.0 p st 4700 +4.9 +0.50
4500 5000 +4.0 +5.0 -1.00 +1.00 01 +0.40 +0.00 0.0 p st 4700 +4.9 +0.60
4500 5000 +4.0 +5.0 -1.00 +1.00 01 +0.40 +0.00 0.0 p st 4700 +4.9 +0.70
4500 5000 +4.0 +5.0 -1.00 +1.00 01 +0.40 +0.00 0.0 p st 4700 +4.9 +0.80
4500 5000 +4.0 +5.0 -1.00 +1.00 01 +0.40 +0.00 0.0 p st 4700 +4.9 +0.90
4500 5000 +4.0 +5.0 -1.00 +1.00 01 +0.40 +0.00 0.0 p st 4700 +4.9 +1.00
4500 5000 +4.0 +5.0 -1.00 +1.00 01 +0.40 +0.00 0.0 p st 4700 +5.0 -1.00
4500 5000 +4.0 +5.0 -1.00 +1.00 01 +0.40 +0.00 0.0 p st 4700 +5.0 -0.90
4500 5000 +4.0 +5.0 -1.00 +1.00 01 +0.40 +0.00 0.0 p st 4700 +5.0 -0.80
4500 5000 +4.0 +5.0 -1.00 +1.00 01 +0.40 +0.00 0.0 p st 4700 +5.0 -0.70
4500 5000 +4.0 +5.0 -1.00 +1.00 01 +0.40 +0.00 0.0 p st 4700 +5.0 -0.60
4500 5000 +4.0 +5.0 -1.00 +1.00 01 +0.40 +0.00 0.0 p st 4700 +5.0 -0.50
4500 5000 +4.0 +5.0 -1.00 +1.00 01 +0.40 +0.00 0.0 p st 4700 +5.0 -0.40
4500 5000 +4.0 +5.0 -1.00 +1.00 01 +0.40 +0.00 0.0 p st 4700 +5.0 -0.30
4500 5000 +4.0 +5.0 -1.00 +1.00 01 +0.40 +0.00 0.0 p st 4700 +5.0 -0.20
4500 5000 +4.0 +5.0 -1.00 +1.00 01 +0.40 +0.00 0.0 p st 4700 +5.0 -0.10
4500 5000 +4.0 +5.0 -1.00 +1.00 01 +0.40 +0.00 0.0 p st 4700 +5.0 +0.00
4500 5000 +4.0 +5.0 -1.00 +1.00 01 +0.40 +0.00 0.0 p st 4700 +5.0 +0.10
4500 5000 +4.0 +5.0 -1.00 +1.00 01 +0.40 +0.00 0.0 p st 4700 +5.0 +0.20
4500 5000 +4.0 +5.0 -1.00 +1.00 01 +0.40 +0.00 0.0 p st 4700 +5.0 +0.30
4500 5000 +4.0 +5.0 -1.00 +1.00 01 +0.40 +0.00 0.0 p st 4700 +5.0 +0.40
4500 5000 +4.0 +5.0 -1.00 +1.00 01 +0.40 +0.00 0.0 p st 4700 +5.0 +0.50
4500 5000 +4.0 +5.0 -1.00 +1.00 01 +0.40 +0.00 0.0 p st 4700 +5.0 +0.60
4500 5000 +4.0 +5.0 -1.00 +1.00 01 +0.40 +0.00 0.0 p st 4700 +5.0 +0.70
4500 5000 +4.0 +5.0 -1.00 +1.00 01 +0.40 +0.00 0.0 p st 4700 +5.0 +0.80
4500 5000 +4.0 +5.0 -1.00 +1.00 01 +0.40 +0.00 0.0 p st 4700 +5.0 +0.90
4500 5000 +4.0 +5.0 -1.00 +1.00 01 +0.40 +0.00 0.0 p st 4700 +5.0 +1.00
4500 5000 +4.0 +5.0 -1.00 +1.00 01 +0.40 +0.00 0.0 p st 4800 +4.0 -1.00
4500 5000 +4.0 +5.0 -1.00 +1.00 01 +0.40 +0.00 0.0 p st 4800 +4.0 -0.90
4500 5000 +4.0 +5.0 -1.00 +1.00 01 +0.40 +0.00 0.0 p st 4800 +4.0 -0.80
4500 5000 +4.0 +5.0 -1.00 +1.00 01 +0.40 +0.00 0.0 p st 4800 +4.0 -0.70
4500 5000 +4.0 +5.0 -1.00 +1.00 01 +0.40 +0.00 0.0 p st 4800 +4.0 -0.60
4500 5000 +4.0 +5.0 -1.00 +1.00 01 +0.40 +0.00 0.0 p st 4800 +4.0 -0.50
4500 5000 +4.0 +5.0 -1.00 +1.00 01 +0.40 +0.00 0.0 p st 4800 +4.0 -0.40
4500 5000 +4.0 +5.0 -1.00 +1.00 01 +0.40 +0.00 0.0 p st 4800 +4.0 -0.30
4500 5000 +4.0 +5.0 -1.00 +1.00 01 +0.40 +0.00 0.0 p st 4800 +4.0 -0.20
4500 5000 +4.0 +5.0 -1.00 +1.00 01 +0.40 +0.00 0.0 p st 4800 +4.0 -0.10
4500 5000 +4.0 +5.0 -1.00 +1.00 01 +0.40 +0.00 0.0 p st 4800 +4.0 +0.00
4500 5000 +4.0 +5.0 -1.00 +1.00 01 +0.40 +0.00 0.0 p st 4800 +4.0 +0.10
4500 5000 +4.0 +5.0 -1.00 +1.00 01 +0.40 +0.00 0.0 p st 4800 +4.0 +0.20
4500 5000 +4.0 +5.0 -1.00 +1.00 01 +0.40 +0.00 0.0 p st 4800 +4.0 +0.30
4500 5000 +4.0 +5.0 -1.00 +1.00 01 +0.40 +0.00 0.0 p st 4800 +4.0 +0.40
4500 5000 +4.0 +5.0 -1.00 +1.00 01 +0.40 +0.00 0.0 p st 4800 +4.0 +0.50
4500 5000 +4.0 +5.0 -1.00 +1.00 01 +0.40 +0.00 0.0 p st 4800 +4.0 +0.60
4500 5000 +4.0 +5.0 -1.00 +1.00 01 +0.40 +0.00 0.0 p st 4800 +4.0 +0.70
4500 5000 +4.0 +5.0 -1.00 +1.00 01 +0.40 +0.00 0.0 p st 4800 +4.0 +0.80
4500 5000 +4.0 +5.0 -1.00 +1.00 01 +0.40 +0.00 0.0 p st 4800 +4.0 +0.90
4500 5000 +4.0 +5.0 -1.00 +1.00 01 +0.40 +0.00 0.0 p st 4800 +4.0 +1.00
4500 5000 +4.0 +5.0 -1.00 +1.00 01 +0.40 +0.00 0.0 p st 4800 +4.1 -1.00
4500 5000 +4.0 +5.0 -1.00 +1.00 01 +0.40 +0.00 0.0 p st 4800 +4.1 -0.90
4500 5000 +4.0 +5.0 -1.00 +1.00 01 +0.40 +0.00 0.0 p st 4800 +4.1 -0.80
4500 5000 +4.0 +5.0 -1.00 +1.00 01 +0.40 +0.00 0.0 p st 4800 +4.1 -0.70
4500 5000 +4.0 +5.0 -1.00 +1.00 01 +0.40 +0.00 0.0 p st 4800 +4.1 -0.60
4500 5000 +4.0 +5.0 -1.00 +1.00 01 +0.40 +0.00 0.0 p st 4800 +4.1 -0.50
4500 5000 +4.0 +5.0 -1.00 +1.00 01 +0.40 +0.00 0.0 p st 4800 +4.1 -0.40
4500 5000 +4.0 +5.0 -1.00 +1.00 01 +0.40 +0.00 0.0 p st 4800 +4.1 -0.30
4500 5000 +4.0 +5.0 -1.00 +1.00 01 +0.40 +0.00 0.0 p st 4800 +4.1 -0.20
4500 5000 +4.0 +5.0 -1.00 +1.00 01 +0.40 +0.00 0.0 p st 4800 +4.1 -0.10
4500 5000 +4.0 +5.0 -1.00 +1.00 01 +0.40 +0.00 0.0 p st 4800 +4.1 +0.00
4500 5000 +4.0 +5.0 -1.00 +1.00 01 +0.40 +0.00 0.0 p st 4800 +4.1 +0.10
4500 5000 +4.0 +5.0 -1.00 +1.00 01 +0.40 +0.00 0.0 p st 4800 +4.1 +0.20
4500 5000 +4.0 +5.0 -1.00 +1.00 01 +0.40 +0.00 0.0 p st 4800 +4.1 +0.30
4500 5000 +4.0 +5.0 -1.00 +1.00 01 +0.40 +0.00 0.0 p st 4800 +4.1 +0.40
4500 5000 +4.0 +5.0 -1.00 +1.00 01 +0.40 +0.00 0.0 p st 4800 +4.1 +0.50
4500 5000 +4.0 +5.0 -1.00 +1.00 01 +0.40 +0.00 0.0 p st 4800 +4.1 +0.60
4500 5000 +4.0 +5.0 -1.00 +1.00 01 +0.40 +0.00 0.0 p st 4800 +4.1 +0.70
4500 5000 +4.0 +5.0 -1.00 +1.00 01 +0.40 +0.00 0.0 p st 4800 +4.1 +0.80
4500 5000 +4.0 +5.0 -1.00 +1.00 01 +0.40 +0.00 0.0 p st 4800 +4.1 +0.90
4500 5000 +4.0 +5.0 -1.00 +1.00 01 +0.40 +0.00 0.0 p st 4800 +4.1 +1.00
4500 5000 +4.0 +5.0 -1.00 +1.00 01 +0.40 +0.00 0.0 p st 4800 +4.2 -1.00
4500 5000 +4.0 +5.0 -1.00 +1.00 01 +0.40 +0.00 0.0 p st 4800 +4.2 -0.90
4500 5000 +4.0 +5.0 -1.00 +1.00 01 +0.40 +0.00 0.0 p st 4800 +4.2 -0.80
4500 5000 +4.0 +5.0 -1.00 +1.00 01 +0.40 +0.00 0.0 p st 4800 +4.2 -0.70
4500 5000 +4.0 +5.0 -1.00 +1.00 01 +0.40 +0.00 0.0 p st 4800 +4.2 -0.60
4500 5000 +4.0 +5.0 -1.00 +1.00 01 +0.40 +0.00 0.0 p st 4800 +4.2 -0.50
4500 5000 +4.0 +5.0 -1.00 +1.00 01 +0.40 +0.00 0.0 p st 4800 +4.2 -0.40
4500 5000 +4.0 +5.0 -1.00 +1.00 01 +0.40 +0.00 0.0 p st 4800 +4.2 -0.30
4500 5000 +4.0 +5.0 -1.00 +1.00 01 +0.40 +0.00 0.0 p st 4800 +4.2 -0.20
4500 5000 +4.0 +5.0 -1.00 +1.00 01 +0.40 +0.00 0.0 p st 4800 +4.2 -0.10
4500 5000 +4.0 +5.0 -1.00 +1.00 01 +0.40 +0.00 0.0 p st 4800 +4.2 +0.00
4500 5000 +4.0 +5.0 -1.00 +1.00 01 +0.40 +0.00 0.0 p st 4800 +4.2 +0.10
4500 5000 +4.0 +5.0 -1.00 +1.00 01 +0.40 +0.00 0.0 p st 4800 +4.2 +0.20
4500 5000 +4.0 +5.0 -1.00 +1.00 01 +0.40 +0.00 0.0 p st 4800 +4.2 +0.30
4500 5000 +4.0 +5.0 -1.00 +1.00 01 +0.40 +0.00 0.0 p st 4800 +4.2 +0.40
4500 5000 +4.0 +5.0 -1.00 +1.00 01 +0.40 +0.00 0.0 p st 4800 +4.2 +0.50
4500 5000 +4.0 +5.0 -1.00 +1.00 01 +0.40 +0.00 0.0 p st 4800 +4.2 +0.60
4500 5000 +4.0 +5.0 -1.00 +1.00 01 +0.40 +0.00 0.0 p st 4800 +4.2 +0.70
4500 5000 +4.0 +5.0 -1.00 +1.00 01 +0.40 +0.00 0.0 p st 4800 +4.2 +0.80
4500 5000 +4.0 +5.0 -1.00 +1.00 01 +0.40 +0.00 0.0 p st 4800 +4.2 +0.90
4500 5000 +4.0 +5.0 -1.00 +1.00 01 +0.40 +0.00 0.0 p st 4800 +4.2 +1.00
4500 5000 +4.0 +5.0 -1.00 +1.00 01 +0.40 +0.00 0.0 p st 4800 +4.3 -1.00
4500 5000 +4.0 +5.0 -1.00 +1.00 01 +0.40 +0.00 0.0 p st 4800 +4.3 -0.90
4500 5000 +4.0 +5.0 -1.00 +1.00 01 +0.40 +0.00 0.0 p st 4800 +4.3 -0.80
4500 5000 +4.0 +5.0 -1.00 +1.00 01 +0.40 +0.00 0.0 p st 4800 +4.3 -0.70
4500 5000 +4.0 +5.0 -1.00 +1.00 01 +0.40 +0.00 0.0 p st 4800 +4.3 -0.60
4500 5000 +4.0 +5.0 -1.00 +1.00 01 +0.40 +0.00 0.0 p st 4800 +4.3 -0.50
4500 5000 +4.0 +5.0 -1.00 +1.00 01 +0.40 +0.00 0.0 p st 4800 +4.3 -0.40
4500 5000 +4.0 +5.0 -1.00 +1.00 01 +0.40 +0.00 0.0 p st 4800 +4.3 -0.30
4500 5000 +4.0 +5.0 -1.00 +1.00 01 +0.40 +0.00 0.0 p st 4800 +4.3 -0.20
4500 5000 +4.0 +5.0 -1.00 +1.00 01 +0.40 +0.00 0.0 p st 4800 +4.3 -0.10
4500 5000 +4.0 +5.0 -1.00 +1.00 01 +0.40 +0.00 0.0 p st 4800 +4.3 +0.00
4500 5000 +4.0 +5.0 -1.00 +1.00 01 +0.40 +0.00 0.0 p st 4800 +4.3 +0.10
4500 5000 +4.0 +5.0 -1.00 +1.00 01 +0.40 +0.00 0.0 p st 4800 +4.3 +0.20
4500 5000 +4.0 +5.0 -1.00 +1.00 01 +0.40 +0.00 0.0 p st 4800 +4.3 +0.30
4500 5000 +4.0 +5.0 -1.00 +1.00 01 +0.40 +0.00 0.0 p st 4800 +4.3 +0.40
4500 5000 +4.0 +5.0 -1.00 +1.00 01 +0.40 +0.00 0.0 p st 4800 +4.3 +0.50
4500 5000 +4.0 +5.0 -1.00 +1.00 01 +0.40 +0.00 0.0 p st 4800 +4.3 +0.60
4500 5000 +4.0 +5.0 -1.00 +1.00 01 +0.40 +0.00 0.0 p st 4800 +4.3 +0.70
4500 5000 +4.0 +5.0 -1.00 +1.00 01 +0.40 +0.00 0.0 p st 4800 +4.3 +0.80
4500 5000 +4.0 +5.0 -1.00 +1.00 01 +0.40 +0.00 0.0 p st 4800 +4.3 +0.90
4500 5000 +4.0 +5.0 -1.00 +1.00 01 +0.40 +0.00 0.0 p st 4800 +4.3 +1.00
4500 5000 +4.0 +5.0 -1.00 +1.00 01 +0.40 +0.00 0.0 p st 4800 +4.4 -1.00
4500 5000 +4.0 +5.0 -1.00 +1.00 01 +0.40 +0.00 0.0 p st 4800 +4.4 -0.90
4500 5000 +4.0 +5.0 -1.00 +1.00 01 +0.40 +0.00 0.0 p st 4800 +4.4 -0.80
4500 5000 +4.0 +5.0 -1.00 +1.00 01 +0.40 +0.00 0.0 p st 4800 +4.4 -0.70
4500 5000 +4.0 +5.0 -1.00 +1.00 01 +0.40 +0.00 0.0 p st 4800 +4.4 -0.60
4500 5000 +4.0 +5.0 -1.00 +1.00 01 +0.40 +0.00 0.0 p st 4800 +4.4 -0.50
4500 5000 +4.0 +5.0 -1.00 +1.00 01 +0.40 +0.00 0.0 p st 4800 +4.4 -0.40
4500 5000 +4.0 +5.0 -1.00 +1.00 01 +0.40 +0.00 0.0 p st 4800 +4.4 -0.30
4500 5000 +4.0 +5.0 -1.00 +1.00 01 +0.40 +0.00 0.0 p st 4800 +4.4 -0.20
4500 5000 +4.0 +5.0 -1.00 +1.00 01 +0.40 +0.00 0.0 p st 4800 +4.4 -0.10
4500 5000 +4.0 +5.0 -1.00 +1.00 01 +0.40 +0.00 0.0 p st 4800 +4.4 +0.00
4500 5000 +4.0 +5.0 -1.00 +1.00 01 +0.40 +0.00 0.0 p st 4800 +4.4 +0.10
4500 5000 +4.0 +5.0 -1.00 +1.00 01 +0.40 +0.00 0.0 p st 4800 +4.4 +0.20
4500 5000 +4.0 +5.0 -1.00 +1.00 01 +0.40 +0.00 0.0 p st 4800 +4.4 +0.30
4500 5000 +4.0 +5.0 -1.00 +1.00 01 +0.40 +0.00 0.0 p st 4800 +4.4 +0.40
4500 5000 +4.0 +5.0 -1.00 +1.00 01 +0.40 +0.00 0.0 p st 4800 +4.4 +0.50
4500 5000 +4.0 +5.0 -1.00 +1.00 01 +0.40 +0.00 0.0 p st 4800 +4.4 +0.60
4500 5000 +4.0 +5.0 -1.00 +1.00 01 +0.40 +0.00 0.0 p st 4800 +4.4 +0.70
4500 5000 +4.0 +5.0 -1.00 +1.00 01 +0.40 +0.00 0.0 p st 4800 +4.4 +0.80
4500 5000 +4.0 +5.0 -1.00 +1.00 01 +0.40 +0.00 0.0 p st 4800 +4.4 +0.90
4500 5000 +4.0 +5.0 -1.00 +1.00 01 +0.40 +0.00 0.0 p st 4800 +4.4 +1.00
4500 5000 +4.0 +5.0 -1.00 +1.00 01 +0.40 +0.00 0.0 p st 4800 +4.5 -1.00
4500 5000 +4.0 +5.0 -1.00 +1.00 01 +0.40 +0.00 0.0 p st 4800 +4.5 -0.90
4500 5000 +4.0 +5.0 -1.00 +1.00 01 +0.40 +0.00 0.0 p st 4800 +4.5 -0.80
4500 5000 +4.0 +5.0 -1.00 +1.00 01 +0.40 +0.00 0.0 p st 4800 +4.5 -0.70
4500 5000 +4.0 +5.0 -1.00 +1.00 01 +0.40 +0.00 0.0 p st 4800 +4.5 -0.60
4500 5000 +4.0 +5.0 -1.00 +1.00 01 +0.40 +0.00 0.0 p st 4800 +4.5 -0.50
4500 5000 +4.0 +5.0 -1.00 +1.00 01 +0.40 +0.00 0.0 p st 4800 +4.5 -0.40
4500 5000 +4.0 +5.0 -1.00 +1.00 01 +0.40 +0.00 0.0 p st 4800 +4.5 -0.30
4500 5000 +4.0 +5.0 -1.00 +1.00 01 +0.40 +0.00 0.0 p st 4800 +4.5 -0.20
4500 5000 +4.0 +5.0 -1.00 +1.00 01 +0.40 +0.00 0.0 p st 4800 +4.5 -0.10
4500 5000 +4.0 +5.0 -1.00 +1.00 01 +0.40 +0.00 0.0 p st 4800 +4.5 +0.00
4500 5000 +4.0 +5.0 -1.00 +1.00 01 +0.40 +0.00 0.0 p st 4800 +4.5 +0.10
4500 5000 +4.0 +5.0 -1.00 +1.00 01 +0.40 +0.00 0.0 p st 4800 +4.5 +0.20
4500 5000 +4.0 +5.0 -1.00 +1.00 01 +0.40 +0.00 0.0 p st 4800 +4.5 +0.30
4500 5000 +4.0 +5.0 -1.00 +1.00 01 +0.40 +0.00 0.0 p st 4800 +4.5 +0.40
4500 5000 +4.0 +5.0 -1.00 +1.00 01 +0.40 +0.00 0.0 p st 4800 +4.5 +0.50
4500 5000 +4.0 +5.0 -1.00 +1.00 01 +0.40 +0.00 0.0 p st 4800 +4.5 +0.60
4500 5000 +4.0 +5.0 -1.00 +1.00 01 +0.40 +0.00 0.0 p st 4800 +4.5 +0.70
4500 5000 +4.0 +5.0 -1.00 +1.00 01 +0.40 +0.00 0.0 p st 4800 +4.5 +0.80
4500 5000 +4.0 +5.0 -1.00 +1.00 01 +0.40 +0.00 0.0 p st 4800 +4.5 +0.90
4500 5000 +4.0 +5.0 -1.00 +1.00 01 +0.40 +0.00 0.0 p st 4800 +4.5 +1.00
4500 5000 +4.0 +5.0 -1.00 +1.00 01 +0.40 +0.00 0.0 p st 4800 +4.6 -1.00
4500 5000 +4.0 +5.0 -1.00 +1.00 01 +0.40 +0.00 0.0 p st 4800 +4.6 -0.90
4500 5000 +4.0 +5.0 -1.00 +1.00 01 +0.40 +0.00 0.0 p st 4800 +4.6 -0.80
4500 5000 +4.0 +5.0 -1.00 +1.00 01 +0.40 +0.00 0.0 p st 4800 +4.6 -0.70
4500 5000 +4.0 +5.0 -1.00 +1.00 01 +0.40 +0.00 0.0 p st 4800 +4.6 -0.60
4500 5000 +4.0 +5.0 -1.00 +1.00 01 +0.40 +0.00 0.0 p st 4800 +4.6 -0.50
4500 5000 +4.0 +5.0 -1.00 +1.00 01 +0.40 +0.00 0.0 p st 4800 +4.6 -0.40
4500 5000 +4.0 +5.0 -1.00 +1.00 01 +0.40 +0.00 0.0 p st 4800 +4.6 -0.30
4500 5000 +4.0 +5.0 -1.00 +1.00 01 +0.40 +0.00 0.0 p st 4800 +4.6 -0.20
4500 5000 +4.0 +5.0 -1.00 +1.00 01 +0.40 +0.00 0.0 p st 4800 +4.6 -0.10
4500 5000 +4.0 +5.0 -1.00 +1.00 01 +0.40 +0.00 0.0 p st 4800 +4.6 +0.00
4500 5000 +4.0 +5.0 -1.00 +1.00 01 +0.40 +0.00 0.0 p st 4800 +4.6 +0.10
4500 5000 +4.0 +5.0 -1.00 +1.00 01 +0.40 +0.00 0.0 p st 4800 +4.6 +0.20
4500 5000 +4.0 +5.0 -1.00 +1.00 01 +0.40 +0.00 0.0 p st 4800 +4.6 +0.30
4500 5000 +4.0 +5.0 -1.00 +1.00 01 +0.40 +0.00 0.0 p st 4800 +4.6 +0.40
4500 5000 +4.0 +5.0 -1.00 +1.00 01 +0.40 +0.00 0.0 p st 4800 +4.6 +0.50
4500 5000 +4.0 +5.0 -1.00 +1.00 01 +0.40 +0.00 0.0 p st 4800 +4.6 +0.60
4500 5000 +4.0 +5.0 -1.00 +1.00 01 +0.40 +0.00 0.0 p st 4800 +4.6 +0.70
4500 5000 +4.0 +5.0 -1.00 +1.00 01 +0.40 +0.00 0.0 p st 4800 +4.6 +0.80
4500 5000 +4.0 +5.0 -1.00 +1.00 01 +0.40 +0.00 0.0 p st 4800 +4.6 +0.90
4500 5000 +4.0 +5.0 -1.00 +1.00 01 +0.40 +0.00 0.0 p st 4800 +4.6 +1.00
4500 5000 +4.0 +5.0 -1.00 +1.00 01 +0.40 +0.00 0.0 p st 4800 +4.7 -1.00
4500 5000 +4.0 +5.0 -1.00 +1.00 01 +0.40 +0.00 0.0 p st 4800 +4.7 -0.90
4500 5000 +4.0 +5.0 -1.00 +1.00 01 +0.40 +0.00 0.0 p st 4800 +4.7 -0.80
4500 5000 +4.0 +5.0 -1.00 +1.00 01 +0.40 +0.00 0.0 p st 4800 +4.7 -0.70
4500 5000 +4.0 +5.0 -1.00 +1.00 01 +0.40 +0.00 0.0 p st 4800 +4.7 -0.60
4500 5000 +4.0 +5.0 -1.00 +1.00 01 +0.40 +0.00 0.0 p st 4800 +4.7 -0.50
4500 5000 +4.0 +5.0 -1.00 +1.00 01 +0.40 +0.00 0.0 p st 4800 +4.7 -0.40
4500 5000 +4.0 +5.0 -1.00 +1.00 01 +0.40 +0.00 0.0 p st 4800 +4.7 -0.30
4500 5000 +4.0 +5.0 -1.00 +1.00 01 +0.40 +0.00 0.0 p st 4800 +4.7 -0.20
4500 5000 +4.0 +5.0 -1.00 +1.00 01 +0.40 +0.00 0.0 p st 4800 +4.7 -0.10
4500 5000 +4.0 +5.0 -1.00 +1.00 01 +0.40 +0.00 0.0 p st 4800 +4.7 +0.00
4500 5000 +4.0 +5.0 -1.00 +1.00 01 +0.40 +0.00 0.0 p st 4800 +4.7 +0.10
4500 5000 +4.0 +5.0 -1.00 +1.00 01 +0.40 +0.00 0.0 p st 4800 +4.7 +0.20
4500 5000 +4.0 +5.0 -1.00 +1.00 01 +0.40 +0.00 0.0 p st 4800 +4.7 +0.30
4500 5000 +4.0 +5.0 -1.00 +1.00 01 +0.40 +0.00 0.0 p st 4800 +4.7 +0.40
4500 5000 +4.0 +5.0 -1.00 +1.00 01 +0.40 +0.00 0.0 p st 4800 +4.7 +0.50
4500 5000 +4.0 +5.0 -1.00 +1.00 01 +0.40 +0.00 0.0 p st 4800 +4.7 +0.60
4500 5000 +4.0 +5.0 -1.00 +1.00 01 +0.40 +0.00 0.0 p st 4800 +4.7 +0.70
4500 5000 +4.0 +5.0 -1.00 +1.00 01 +0.40 +0.00 0.0 p st 4800 +4.7 +0.80
4500 5000 +4.0 +5.0 -1.00 +1.00 01 +0.40 +0.00 0.0 p st 4800 +4.7 +0.90
4500 5000 +4.0 +5.0 -1.00 +1.00 01 +0.40 +0.00 0.0 p st 4800 +4.7 +1.00
4500 5000 +4.0 +5.0 -1.00 +1.00 01 +0.40 +0.00 0.0 p st 4800 +4.8 -1.00
4500 5000 +4.0 +5.0 -1.00 +1.00 01 +0.40 +0.00 0.0 p st 4800 +4.8 -0.90
4500 5000 +4.0 +5.0 -1.00 +1.00 01 +0.40 +0.00 0.0 p st 4800 +4.8 -0.80
4500 5000 +4.0 +5.0 -1.00 +1.00 01 +0.40 +0.00 0.0 p st 4800 +4.8 -0.70
4500 5000 +4.0 +5.0 -1.00 +1.00 01 +0.40 +0.00 0.0 p st 4800 +4.8 -0.60
4500 5000 +4.0 +5.0 -1.00 +1.00 01 +0.40 +0.00 0.0 p st 4800 +4.8 -0.50
4500 5000 +4.0 +5.0 -1.00 +1.00 01 +0.40 +0.00 0.0 p st 4800 +4.8 -0.40
4500 5000 +4.0 +5.0 -1.00 +1.00 01 +0.40 +0.00 0.0 p st 4800 +4.8 -0.30
4500 5000 +4.0 +5.0 -1.00 +1.00 01 +0.40 +0.00 0.0 p st 4800 +4.8 -0.20
4500 5000 +4.0 +5.0 -1.00 +1.00 01 +0.40 +0.00 0.0 p st 4800 +4.8 -0.10
4500 5000 +4.0 +5.0 -1.00 +1.00 01 +0.40 +0.00 0.0 p st 4800 +4.8 +0.00
4500 5000 +4.0 +5.0 -1.00 +1.00 01 +0.40 +0.00 0.0 p st 4800 +4.8 +0.10
4500 5000 +4.0 +5.0 -1.00 +1.00 01 +0.40 +0.00 0.0 p st 4800 +4.8 +0.20
4500 5000 +4.0 +5.0 -1.00 +1.00 01 +0.40 +0.00 0.0 p st 4800 +4.8 +0.30
4500 5000 +4.0 +5.0 -1.00 +1.00 01 +0.40 +0.00 0.0 p st 4800 +4.8 +0.40
4500 5000 +4.0 +5.0 -1.00 +1.00 01 +0.40 +0.00 0.0 p st 4800 +4.8 +0.50
4500 5000 +4.0 +5.0 -1.00 +1.00 01 +0.40 +0.00 0.0 p st 4800 +4.8 +0.60
4500 5000 +4.0 +5.0 -1.00 +1.00 01 +0.40 +0.00 0.0 p st 4800 +4.8 +0.70
4500 5000 +4.0 +5.0 -1.00 +1.00 01 +0.40 +0.00 0.0 p st 4800 +4.8 +0.80
4500 5000 +4.0 +5.0 -1.00 +1.00 01 +0.40 +0.00 0.0 p st 4800 +4.8 +0.90
4500 5000 +4.0 +5.0 -1.00 +1.00 01 +0.40 +0.00 0.0 p st 4800 +4.8 +1.00
4500 5000 +4.0 +5.0 -1.00 +1.00 01 +0.40 +0.00 0.0 p st 4800 +4.9 -1.00
4500 5000 +4.0 +5.0 -1.00 +1.00 01 +0.40 +0.00 0.0 p st 4800 +4.9 -0.90
4500 5000 +4.0 +5.0 -1.00 +1.00 01 +0.40 +0.00 0.0 p st 4800 +4.9 -0.80
4500 5000 +4.0 +5.0 -1.00 +1.00 01 +0.40 +0.00 0.0 p st 4800 +4.9 -0.70
4500 5000 +4.0 +5.0 -1.00 +1.00 01 +0.40 +0.00 0.0 p st 4800 +4.9 -0.60
4500 5000 +4.0 +5.0 -1.00 +1.00 01 +0.40 +0.00 0.0 p st 4800 +4.9 -0.50
4500 5000 +4.0 +5.0 -1.00 +1.00 01 +0.40 +0.00 0.0 p st 4800 +4.9 -0.40
4500 5000 +4.0 +5.0 -1.00 +1.00 01 +0.40 +0.00 0.0 p st 4800 +4.9 -0.30
4500 5000 +4.0 +5.0 -1.00 +1.00 01 +0.40 +0.00 0.0 p st 4800 +4.9 -0.20
4500 5000 +4.0 +5.0 -1.00 +1.00 01 +0.40 +0.00 0.0 p st 4800 +4.9 -0.10
4500 5000 +4.0 +5.0 -1.00 +1.00 01 +0.40 +0.00 0.0 p st 4800 +4.9 +0.00
4500 5000 +4.0 +5.0 -1.00 +1.00 01 +0.40 +0.00 0.0 p st 4800 +4.9 +0.10
4500 5000 +4.0 +5.0 -1.00 +1.00 01 +0.40 +0.00 0.0 p st 4800 +4.9 +0.20
4500 5000 +4.0 +5.0 -1.00 +1.00 01 +0.40 +0.00 0.0 p st 4800 +4.9 +0.30
4500 5000 +4.0 +5.0 -1.00 +1.00 01 +0.40 +0.00 0.0 p st 4800 +4.9 +0.40
4500 5000 +4.0 +5.0 -1.00 +1.00 01 +0.40 +0.00 0.0 p st 4800 +4.9 +0.50
4500 5000 +4.0 +5.0 -1.00 +1.00 01 +0.40 +0.00 0.0 p st 4800 +4.9 +0.60
4500 5000 +4.0 +5.0 -1.00 +1.00 01 +0.40 +0.00 0.0 p st 4800 +4.9 +0.70
4500 5000 +4.0 +5.0 -1.00 +1.00 01 +0.40 +0.00 0.0 p st 4800 +4.9 +0.80
4500 5000 +4.0 +5.0 -1.00 +1.00 01 +0.40 +0.00 0.0 p st 4800 +4.9 +0.90
4500 5000 +4.0 +5.0 -1.00 +1.00 01 +0.40 +0.00 0.0 p st 4800 +4.9 +1.00
4500 5000 +4.0 +5.0 -1.00 +1.00 01 +0.40 +0.00 0.0 p st 4800 +5.0 -1.00
4500 5000 +4.0 +5.0 -1.00 +1.00 01 +0.40 +0.00 0.0 p st 4800 +5.0 -0.90
4500 5000 +4.0 +5.0 -1.00 +1.00 01 +0.40 +0.00 0.0 p st 4800 +5.0 -0.80
4500 5000 +4.0 +5.0 -1.00 +1.00 01 +0.40 +0.00 0.0 p st 4800 +5.0 -0.70
4500 5000 +4.0 +5.0 -1.00 +1.00 01 +0.40 +0.00 0.0 p st 4800 +5.0 -0.60
4500 5000 +4.0 +5.0 -1.00 +1.00 01 +0.40 +0.00 0.0 p st 4800 +5.0 -0.50
4500 5000 +4.0 +5.0 -1.00 +1.00 01 +0.40 +0.00 0.0 p st 4800 +5.0 -0.40
4500 5000 +4.0 +5.0 -1.00 +1.00 01 +0.40 +0.00 0.0 p st 4800 +5.0 -0.30
4500 5000 +4.0 +5.0 -1.00 +1.00 01 +0.40 +0.00 0.0 p st 4800 +5.0 -0.20
4500 5000 +4.0 +5.0 -1.00 +1.00 01 +0.40 +0.00 0.0 p st 4800 +5.0 -0.10
4500 5000 +4.0 +5.0 -1.00 +1.00 01 +0.40 +0.00 0.0 p st 4800 +5.0 +0.00
4500 5000 +4.0 +5.0 -1.00 +1.00 01 +0.40 +0.00 0.0 p st 4800 +5.0 +0.10
4500 5000 +4.0 +5.0 -1.00 +1.00 01 +0.40 +0.00 0.0 p st 4800 +5.0 +0.20
4500 5000 +4.0 +5.0 -1.00 +1.00 01 +0.40 +0.00 0.0 p st 4800 +5.0 +0.30
4500 5000 +4.0 +5.0 -1.00 +1.00 01 +0.40 +0.00 0.0 p st 4800 +5.0 +0.40
4500 5000 +4.0 +5.0 -1.00 +1.00 01 +0.40 +0.00 0.0 p st 4800 +5.0 +0.50
4500 5000 +4.0 +5.0 -1.00 +1.00 01 +0.40 +0.00 0.0 p st 4800 +5.0 +0.60
4500 5000 +4.0 +5.0 -1.00 +1.00 01 +0.40 +0.00 0.0 p st 4800 +5.0 +0.70
4500 5000 +4.0 +5.0 -1.00 +1.00 01 +0.40 +0.00 0.0 p st 4800 +5.0 +0.80
4500 5000 +4.0 +5.0 -1.00 +1.00 01 +0.40 +0.00 0.0 p st 4800 +5.0 +0.90
4500 5000 +4.0 +5.0 -1.00 +1.00 01 +0.40 +0.00 0.0 p st 4800 +5.0 +1.00
4500 5000 +4.0 +5.0 -1.00 +1.00 01 +0.40 +0.00 0.0 p st 4900 +4.0 -1.00
4500 5000 +4.0 +5.0 -1.00 +1.00 01 +0.40 +0.00 0.0 p st 4900 +4.0 -0.90
4500 5000 +4.0 +5.0 -1.00 +1.00 01 +0.40 +0.00 0.0 p st 4900 +4.0 -0.80
4500 5000 +4.0 +5.0 -1.00 +1.00 01 +0.40 +0.00 0.0 p st 4900 +4.0 -0.70
4500 5000 +4.0 +5.0 -1.00 +1.00 01 +0.40 +0.00 0.0 p st 4900 +4.0 -0.60
4500 5000 +4.0 +5.0 -1.00 +1.00 01 +0.40 +0.00 0.0 p st 4900 +4.0 -0.50
4500 5000 +4.0 +5.0 -1.00 +1.00 01 +0.40 +0.00 0.0 p st 4900 +4.0 -0.40
4500 5000 +4.0 +5.0 -1.00 +1.00 01 +0.40 +0.00 0.0 p st 4900 +4.0 -0.30
4500 5000 +4.0 +5.0 -1.00 +1.00 01 +0.40 +0.00 0.0 p st 4900 +4.0 -0.20
4500 5000 +4.0 +5.0 -1.00 +1.00 01 +0.40 +0.00 0.0 p st 4900 +4.0 -0.10
4500 5000 +4.0 +5.0 -1.00 +1.00 01 +0.40 +0.00 0.0 p st 4900 +4.0 +0.00
4500 5000 +4.0 +5.0 -1.00 +1.00 01 +0.40 +0.00 0.0 p st 4900 +4.0 +0.10
4500 5000 +4.0 +5.0 -1.00 +1.00 01 +0.40 +0.00 0.0 p st 4900 +4.0 +0.20
4500 5000 +4.0 +5.0 -1.00 +1.00 01 +0.40 +0.00 0.0 p st 4900 +4.0 +0.30
4500 5000 +4.0 +5.0 -1.00 +1.00 01 +0.40 +0.00 0.0 p st 4900 +4.0 +0.40
4500 5000 +4.0 +5.0 -1.00 +1.00 01 +0.40 +0.00 0.0 p st 4900 +4.0 +0.50
4500 5000 +4.0 +5.0 -1.00 +1.00 01 +0.40 +0.00 0.0 p st 4900 +4.0 +0.60
4500 5000 +4.0 +5.0 -1.00 +1.00 01 +0.40 +0.00 0.0 p st 4900 +4.0 +0.70
4500 5000 +4.0 +5.0 -1.00 +1.00 01 +0.40 +0.00 0.0 p st 4900 +4.0 +0.80
4500 5000 +4.0 +5.0 -1.00 +1.00 01 +0.40 +0.00 0.0 p st 4900 +4.0 +0.90
4500 5000 +4.0 +5.0 -1.00 +1.00 01 +0.40 +0.00 0.0 p st 4900 +4.0 +1.00
4500 5000 +4.0 +5.0 -1.00 +1.00 01 +0.40 +0.00 0.0 p st 4900 +4.1 -1.00
4500 5000 +4.0 +5.0 -1.00 +1.00 01 +0.40 +0.00 0.0 p st 4900 +4.1 -0.90
4500 5000 +4.0 +5.0 -1.00 +1.00 01 +0.40 +0.00 0.0 p st 4900 +4.1 -0.80
4500 5000 +4.0 +5.0 -1.00 +1.00 01 +0.40 +0.00 0.0 p st 4900 +4.1 -0.70
4500 5000 +4.0 +5.0 -1.00 +1.00 01 +0.40 +0.00 0.0 p st 4900 +4.1 -0.60
4500 5000 +4.0 +5.0 -1.00 +1.00 01 +0.40 +0.00 0.0 p st 4900 +4.1 -0.50
4500 5000 +4.0 +5.0 -1.00 +1.00 01 +0.40 +0.00 0.0 p st 4900 +4.1 -0.40
4500 5000 +4.0 +5.0 -1.00 +1.00 01 +0.40 +0.00 0.0 p st 4900 +4.1 -0.30
4500 5000 +4.0 +5.0 -1.00 +1.00 01 +0.40 +0.00 0.0 p st 4900 +4.1 -0.20
4500 5000 +4.0 +5.0 -1.00 +1.00 01 +0.40 +0.00 0.0 p st 4900 +4.1 -0.10
4500 5000 +4.0 +5.0 -1.00 +1.00 01 +0.40 +0.00 0.0 p st 4900 +4.1 +0.00
4500 5000 +4.0 +5.0 -1.00 +1.00 01 +0.40 +0.00 0.0 p st 4900 +4.1 +0.10
4500 5000 +4.0 +5.0 -1.00 +1.00 01 +0.40 +0.00 0.0 p st 4900 +4.1 +0.20
4500 5000 +4.0 +5.0 -1.00 +1.00 01 +0.40 +0.00 0.0 p st 4900 +4.1 +0.30
4500 5000 +4.0 +5.0 -1.00 +1.00 01 +0.40 +0.00 0.0 p st 4900 +4.1 +0.40
4500 5000 +4.0 +5.0 -1.00 +1.00 01 +0.40 +0.00 0.0 p st 4900 +4.1 +0.50
4500 5000 +4.0 +5.0 -1.00 +1.00 01 +0.40 +0.00 0.0 p st 4900 +4.1 +0.60
4500 5000 +4.0 +5.0 -1.00 +1.00 01 +0.40 +0.00 0.0 p st 4900 +4.1 +0.70
4500 5000 +4.0 +5.0 -1.00 +1.00 01 +0.40 +0.00 0.0 p st 4900 +4.1 +0.80
4500 5000 +4.0 +5.0 -1.00 +1.00 01 +0.40 +0.00 0.0 p st 4900 +4.1 +0.90
4500 5000 +4.0 +5.0 -1.00 +1.00 01 +0.40 +0.00 0.0 p st 4900 +4.1 +1.00
4500 5000 +4.0 +5.0 -1.00 +1.00 01 +0.40 +0.00 0.0 p st 4900 +4.2 -1.00
4500 5000 +4.0 +5.0 -1.00 +1.00 01 +0.40 +0.00 0.0 p st 4900 +4.2 -0.90
4500 5000 +4.0 +5.0 -1.00 +1.00 01 +0.40 +0.00 0.0 p st 4900 +4.2 -0.80
4500 5000 +4.0 +5.0 -1.00 +1.00 01 +0.40 +0.00 0.0 p st 4900 +4.2 -0.70
4500 5000 +4.0 +5.0 -1.00 +1.00 01 +0.40 +0.00 0.0 p st 4900 +4.2 -0.60
4500 5000 +4.0 +5.0 -1.00 +1.00 01 +0.40 +0.00 0.0 p st 4900 +4.2 -0.50
4500 5000 +4.0 +5.0 -1.00 +1.00 01 +0.40 +0.00 0.0 p st 4900 +4.2 -0.40
4500 5000 +4.0 +5.0 -1.00 +1.00 01 +0.40 +0.00 0.0 p st 4900 +4.2 -0.30
4500 5000 +4.0 +5.0 -1.00 +1.00 01 +0.40 +0.00 0.0 p st 4900 +4.2 -0.20
4500 5000 +4.0 +5.0 -1.00 +1.00 01 +0.40 +0.00 0.0 p st 4900 +4.2 -0.10
4500 5000 +4.0 +5.0 -1.00 +1.00 01 +0.40 +0.00 0.0 p st 4900 +4.2 +0.00
4500 5000 +4.0 +5.0 -1.00 +1.00 01 +0.40 +0.00 0.0 p st 4900 +4.2 +0.10
4500 5000 +4.0 +5.0 -1.00 +1.00 01 +0.40 +0.00 0.0 p st 4900 +4.2 +0.20
4500 5000 +4.0 +5.0 -1.00 +1.00 01 +0.40 +0.00 0.0 p st 4900 +4.2 +0.30
4500 5000 +4.0 +5.0 -1.00 +1.00 01 +0.40 +0.00 0.0 p st 4900 +4.2 +0.40
4500 5000 +4.0 +5.0 -1.00 +1.00 01 +0.40 +0.00 0.0 p st 4900 +4.2 +0.50
4500 5000 +4.0 +5.0 -1.00 +1.00 01 +0.40 +0.00 0.0 p st 4900 +4.2 +0.60
4500 5000 +4.0 +5.0 -1.00 +1.00 01 +0.40 +0.00 0.0 p st 4900 +4.2 +0.70
4500 5000 +4.0 +5.0 -1.00 +1.00 01 +0.40 +0.00 0.0 p st 4900 +4.2 +0.80
4500 5000 +4.0 +5.0 -1.00 +1.00 01 +0.40 +0.00 0.0 p st 4900 +4.2 +0.90
4500 5000 +4.0 +5.0 -1.00 +1.00 01 +0.40 +0.00 0.0 p st 4900 +4.2 +1.00
4500 5000 +4.0 +5.0 -1.00 +1.00 01 +0.40 +0.00 0.0 p st 4900 +4.3 -1.00
4500 5000 +4.0 +5.0 -1.00 +1.00 01 +0.40 +0.00 0.0 p st 4900 +4.3 -0.90
4500 5000 +4.0 +5.0 -1.00 +1.00 01 +0.40 +0.00 0.0 p st 4900 +4.3 -0.80
4500 5000 +4.0 +5.0 -1.00 +1.00 01 +0.40 +0.00 0.0 p st 4900 +4.3 -0.70
4500 5000 +4.0 +5.0 -1.00 +1.00 01 +0.40 +0.00 0.0 p st 4900 +4.3 -0.60
4500 5000 +4.0 +5.0 -1.00 +1.00 01 +0.40 +0.00 0.0 p st 4900 +4.3 -0.50
4500 5000 +4.0 +5.0 -1.00 +1.00 01 +0.40 +0.00 0.0 p st 4900 +4.3 -0.40
4500 5000 +4.0 +5.0 -1.00 +1.00 01 +0.40 +0.00 0.0 p st 4900 +4.3 -0.30
4500 5000 +4.0 +5.0 -1.00 +1.00 01 +0.40 +0.00 0.0 p st 4900 +4.3 -0.20
4500 5000 +4.0 +5.0 -1.00 +1.00 01 +0.40 +0.00 0.0 p st 4900 +4.3 -0.10
4500 5000 +4.0 +5.0 -1.00 +1.00 01 +0.40 +0.00 0.0 p st 4900 +4.3 +0.00
4500 5000 +4.0 +5.0 -1.00 +1.00 01 +0.40 +0.00 0.0 p st 4900 +4.3 +0.10
4500 5000 +4.0 +5.0 -1.00 +1.00 01 +0.40 +0.00 0.0 p st 4900 +4.3 +0.20
4500 5000 +4.0 +5.0 -1.00 +1.00 01 +0.40 +0.00 0.0 p st 4900 +4.3 +0.30
4500 5000 +4.0 +5.0 -1.00 +1.00 01 +0.40 +0.00 0.0 p st 4900 +4.3 +0.40
4500 5000 +4.0 +5.0 -1.00 +1.00 01 +0.40 +0.00 0.0 p st 4900 +4.3 +0.50
4500 5000 +4.0 +5.0 -1.00 +1.00 01 +0.40 +0.00 0.0 p st 4900 +4.3 +0.60
4500 5000 +4.0 +5.0 -1.00 +1.00 01 +0.40 +0.00 0.0 p st 4900 +4.3 +0.70
4500 5000 +4.0 +5.0 -1.00 +1.00 01 +0.40 +0.00 0.0 p st 4900 +4.3 +0.80
4500 5000 +4.0 +5.0 -1.00 +1.00 01 +0.40 +0.00 0.0 p st 4900 +4.3 +0.90
4500 5000 +4.0 +5.0 -1.00 +1.00 01 +0.40 +0.00 0.0 p st 4900 +4.3 +1.00
4500 5000 +4.0 +5.0 -1.00 +1.00 01 +0.40 +0.00 0.0 p st 4900 +4.4 -1.00
4500 5000 +4.0 +5.0 -1.00 +1.00 01 +0.40 +0.00 0.0 p st 4900 +4.4 -0.90
4500 5000 +4.0 +5.0 -1.00 +1.00 01 +0.40 +0.00 0.0 p st 4900 +4.4 -0.80
4500 5000 +4.0 +5.0 -1.00 +1.00 01 +0.40 +0.00 0.0 p st 4900 +4.4 -0.70
4500 5000 +4.0 +5.0 -1.00 +1.00 01 +0.40 +0.00 0.0 p st 4900 +4.4 -0.60
4500 5000 +4.0 +5.0 -1.00 +1.00 01 +0.40 +0.00 0.0 p st 4900 +4.4 -0.50
4500 5000 +4.0 +5.0 -1.00 +1.00 01 +0.40 +0.00 0.0 p st 4900 +4.4 -0.40
4500 5000 +4.0 +5.0 -1.00 +1.00 01 +0.40 +0.00 0.0 p st 4900 +4.4 -0.30
4500 5000 +4.0 +5.0 -1.00 +1.00 01 +0.40 +0.00 0.0 p st 4900 +4.4 -0.20
4500 5000 +4.0 +5.0 -1.00 +1.00 01 +0.40 +0.00 0.0 p st 4900 +4.4 -0.10
4500 5000 +4.0 +5.0 -1.00 +1.00 01 +0.40 +0.00 0.0 p st 4900 +4.4 +0.00
4500 5000 +4.0 +5.0 -1.00 +1.00 01 +0.40 +0.00 0.0 p st 4900 +4.4 +0.10
4500 5000 +4.0 +5.0 -1.00 +1.00 01 +0.40 +0.00 0.0 p st 4900 +4.4 +0.20
4500 5000 +4.0 +5.0 -1.00 +1.00 01 +0.40 +0.00 0.0 p st 4900 +4.4 +0.30
4500 5000 +4.0 +5.0 -1.00 +1.00 01 +0.40 +0.00 0.0 p st 4900 +4.4 +0.40
4500 5000 +4.0 +5.0 -1.00 +1.00 01 +0.40 +0.00 0.0 p st 4900 +4.4 +0.50
4500 5000 +4.0 +5.0 -1.00 +1.00 01 +0.40 +0.00 0.0 p st 4900 +4.4 +0.60
4500 5000 +4.0 +5.0 -1.00 +1.00 01 +0.40 +0.00 0.0 p st 4900 +4.4 +0.70
4500 5000 +4.0 +5.0 -1.00 +1.00 01 +0.40 +0.00 0.0 p st 4900 +4.4 +0.80
4500 5000 +4.0 +5.0 -1.00 +1.00 01 +0.40 +0.00 0.0 p st 4900 +4.4 +0.90
4500 5000 +4.0 +5.0 -1.00 +1.00 01 +0.40 +0.00 0.0 p st 4900 +4.4 +1.00
4500 5000 +4.0 +5.0 -1.00 +1.00 01 +0.40 +0.00 0.0 p st 4900 +4.5 -1.00
4500 5000 +4.0 +5.0 -1.00 +1.00 01 +0.40 +0.00 0.0 p st 4900 +4.5 -0.90
4500 5000 +4.0 +5.0 -1.00 +1.00 01 +0.40 +0.00 0.0 p st 4900 +4.5 -0.80
4500 5000 +4.0 +5.0 -1.00 +1.00 01 +0.40 +0.00 0.0 p st 4900 +4.5 -0.70
4500 5000 +4.0 +5.0 -1.00 +1.00 01 +0.40 +0.00 0.0 p st 4900 +4.5 -0.60
4500 5000 +4.0 +5.0 -1.00 +1.00 01 +0.40 +0.00 0.0 p st 4900 +4.5 -0.50
4500 5000 +4.0 +5.0 -1.00 +1.00 01 +0.40 +0.00 0.0 p st 4900 +4.5 -0.40
4500 5000 +4.0 +5.0 -1.00 +1.00 01 +0.40 +0.00 0.0 p st 4900 +4.5 -0.30
4500 5000 +4.0 +5.0 -1.00 +1.00 01 +0.40 +0.00 0.0 p st 4900 +4.5 -0.20
4500 5000 +4.0 +5.0 -1.00 +1.00 01 +0.40 +0.00 0.0 p st 4900 +4.5 -0.10
4500 5000 +4.0 +5.0 -1.00 +1.00 01 +0.40 +0.00 0.0 p st 4900 +4.5 +0.00
4500 5000 +4.0 +5.0 -1.00 +1.00 01 +0.40 +0.00 0.0 p st 4900 +4.5 +0.10
4500 5000 +4.0 +5.0 -1.00 +1.00 01 +0.40 +0.00 0.0 p st 4900 +4.5 +0.20
4500 5000 +4.0 +5.0 -1.00 +1.00 01 +0.40 +0.00 0.0 p st 4900 +4.5 +0.30
4500 5000 +4.0 +5.0 -1.00 +1.00 01 +0.40 +0.00 0.0 p st 4900 +4.5 +0.40
4500 5000 +4.0 +5.0 -1.00 +1.00 01 +0.40 +0.00 0.0 p st 4900 +4.5 +0.50
4500 5000 +4.0 +5.0 -1.00 +1.00 01 +0.40 +0.00 0.0 p st 4900 +4.5 +0.60
4500 5000 +4.0 +5.0 -1.00 +1.00 01 +0.40 +0.00 0.0 p st 4900 +4.5 +0.70
4500 5000 +4.0 +5.0 -1.00 +1.00 01 +0.40 +0.00 0.0 p st 4900 +4.5 +0.80
4500 5000 +4.0 +5.0 -1.00 +1.00 01 +0.40 +0.00 0.0 p st 4900 +4.5 +0.90
4500 5000 +4.0 +5.0 -1.00 +1.00 01 +0.40 +0.00 0.0 p st 4900 +4.5 +1.00
4500 5000 +4.0 +5.0 -1.00 +1.00 01 +0.40 +0.00 0.0 p st 4900 +4.6 -1.00
4500 5000 +4.0 +5.0 -1.00 +1.00 01 +0.40 +0.00 0.0 p st 4900 +4.6 -0.90
4500 5000 +4.0 +5.0 -1.00 +1.00 01 +0.40 +0.00 0.0 p st 4900 +4.6 -0.80
4500 5000 +4.0 +5.0 -1.00 +1.00 01 +0.40 +0.00 0.0 p st 4900 +4.6 -0.70
4500 5000 +4.0 +5.0 -1.00 +1.00 01 +0.40 +0.00 0.0 p st 4900 +4.6 -0.60
4500 5000 +4.0 +5.0 -1.00 +1.00 01 +0.40 +0.00 0.0 p st 4900 +4.6 -0.50
4500 5000 +4.0 +5.0 -1.00 +1.00 01 +0.40 +0.00 0.0 p st 4900 +4.6 -0.40
4500 5000 +4.0 +5.0 -1.00 +1.00 01 +0.40 +0.00 0.0 p st 4900 +4.6 -0.30
4500 5000 +4.0 +5.0 -1.00 +1.00 01 +0.40 +0.00 0.0 p st 4900 +4.6 -0.20
4500 5000 +4.0 +5.0 -1.00 +1.00 01 +0.40 +0.00 0.0 p st 4900 +4.6 -0.10
4500 5000 +4.0 +5.0 -1.00 +1.00 01 +0.40 +0.00 0.0 p st 4900 +4.6 +0.00
4500 5000 +4.0 +5.0 -1.00 +1.00 01 +0.40 +0.00 0.0 p st 4900 +4.6 +0.10
4500 5000 +4.0 +5.0 -1.00 +1.00 01 +0.40 +0.00 0.0 p st 4900 +4.6 +0.20
4500 5000 +4.0 +5.0 -1.00 +1.00 01 +0.40 +0.00 0.0 p st 4900 +4.6 +0.30
4500 5000 +4.0 +5.0 -1.00 +1.00 01 +0.40 +0.00 0.0 p st 4900 +4.6 +0.40
4500 5000 +4.0 +5.0 -1.00 +1.00 01 +0.40 +0.00 0.0 p st 4900 +4.6 +0.50
4500 5000 +4.0 +5.0 -1.00 +1.00 01 +0.40 +0.00 0.0 p st 4900 +4.6 +0.60
4500 5000 +4.0 +5.0 -1.00 +1.00 01 +0.40 +0.00 0.0 p st 4900 +4.6 +0.70
4500 5000 +4.0 +5.0 -1.00 +1.00 01 +0.40 +0.00 0.0 p st 4900 +4.6 +0.80
4500 5000 +4.0 +5.0 -1.00 +1.00 01 +0.40 +0.00 0.0 p st 4900 +4.6 +0.90
4500 5000 +4.0 +5.0 -1.00 +1.00 01 +0.40 +0.00 0.0 p st 4900 +4.6 +1.00
4500 5000 +4.0 +5.0 -1.00 +1.00 01 +0.40 +0.00 0.0 p st 4900 +4.7 -1.00
4500 5000 +4.0 +5.0 -1.00 +1.00 01 +0.40 +0.00 0.0 p st 4900 +4.7 -0.90
4500 5000 +4.0 +5.0 -1.00 +1.00 01 +0.40 +0.00 0.0 p st 4900 +4.7 -0.80
4500 5000 +4.0 +5.0 -1.00 +1.00 01 +0.40 +0.00 0.0 p st 4900 +4.7 -0.70
4500 5000 +4.0 +5.0 -1.00 +1.00 01 +0.40 +0.00 0.0 p st 4900 +4.7 -0.60
4500 5000 +4.0 +5.0 -1.00 +1.00 01 +0.40 +0.00 0.0 p st 4900 +4.7 -0.50
4500 5000 +4.0 +5.0 -1.00 +1.00 01 +0.40 +0.00 0.0 p st 4900 +4.7 -0.40
4500 5000 +4.0 +5.0 -1.00 +1.00 01 +0.40 +0.00 0.0 p st 4900 +4.7 -0.30
4500 5000 +4.0 +5.0 -1.00 +1.00 01 +0.40 +0.00 0.0 p st 4900 +4.7 -0.20
4500 5000 +4.0 +5.0 -1.00 +1.00 01 +0.40 +0.00 0.0 p st 4900 +4.7 -0.10
4500 5000 +4.0 +5.0 -1.00 +1.00 01 +0.40 +0.00 0.0 p st 4900 +4.7 +0.00
4500 5000 +4.0 +5.0 -1.00 +1.00 01 +0.40 +0.00 0.0 p st 4900 +4.7 +0.10
4500 5000 +4.0 +5.0 -1.00 +1.00 01 +0.40 +0.00 0.0 p st 4900 +4.7 +0.20
4500 5000 +4.0 +5.0 -1.00 +1.00 01 +0.40 +0.00 0.0 p st 4900 +4.7 +0.30
4500 5000 +4.0 +5.0 -1.00 +1.00 01 +0.40 +0.00 0.0 p st 4900 +4.7 +0.40
4500 5000 +4.0 +5.0 -1.00 +1.00 01 +0.40 +0.00 0.0 p st 4900 +4.7 +0.50
4500 5000 +4.0 +5.0 -1.00 +1.00 01 +0.40 +0.00 0.0 p st 4900 +4.7 +0.60
4500 5000 +4.0 +5.0 -1.00 +1.00 01 +0.40 +0.00 0.0 p st 4900 +4.7 +0.70
4500 5000 +4.0 +5.0 -1.00 +1.00 01 +0.40 +0.00 0.0 p st 4900 +4.7 +0.80
4500 5000 +4.0 +5.0 -1.00 +1.00 01 +0.40 +0.00 0.0 p st 4900 +4.7 +0.90
4500 5000 +4.0 +5.0 -1.00 +1.00 01 +0.40 +0.00 0.0 p st 4900 +4.7 +1.00
4500 5000 +4.0 +5.0 -1.00 +1.00 01 +0.40 +0.00 0.0 p st 4900 +4.8 -1.00
4500 5000 +4.0 +5.0 -1.00 +1.00 01 +0.40 +0.00 0.0 p st 4900 +4.8 -0.90
4500 5000 +4.0 +5.0 -1.00 +1.00 01 +0.40 +0.00 0.0 p st 4900 +4.8 -0.80
4500 5000 +4.0 +5.0 -1.00 +1.00 01 +0.40 +0.00 0.0 p st 4900 +4.8 -0.70
4500 5000 +4.0 +5.0 -1.00 +1.00 01 +0.40 +0.00 0.0 p st 4900 +4.8 -0.60
4500 5000 +4.0 +5.0 -1.00 +1.00 01 +0.40 +0.00 0.0 p st 4900 +4.8 -0.50
4500 5000 +4.0 +5.0 -1.00 +1.00 01 +0.40 +0.00 0.0 p st 4900 +4.8 -0.40
4500 5000 +4.0 +5.0 -1.00 +1.00 01 +0.40 +0.00 0.0 p st 4900 +4.8 -0.30
4500 5000 +4.0 +5.0 -1.00 +1.00 01 +0.40 +0.00 0.0 p st 4900 +4.8 -0.20
4500 5000 +4.0 +5.0 -1.00 +1.00 01 +0.40 +0.00 0.0 p st 4900 +4.8 -0.10
4500 5000 +4.0 +5.0 -1.00 +1.00 01 +0.40 +0.00 0.0 p st 4900 +4.8 +0.00
4500 5000 +4.0 +5.0 -1.00 +1.00 01 +0.40 +0.00 0.0 p st 4900 +4.8 +0.10
4500 5000 +4.0 +5.0 -1.00 +1.00 01 +0.40 +0.00 0.0 p st 4900 +4.8 +0.20
4500 5000 +4.0 +5.0 -1.00 +1.00 01 +0.40 +0.00 0.0 p st 4900 +4.8 +0.30
4500 5000 +4.0 +5.0 -1.00 +1.00 01 +0.40 +0.00 0.0 p st 4900 +4.8 +0.40
4500 5000 +4.0 +5.0 -1.00 +1.00 01 +0.40 +0.00 0.0 p st 4900 +4.8 +0.50
4500 5000 +4.0 +5.0 -1.00 +1.00 01 +0.40 +0.00 0.0 p st 4900 +4.8 +0.60
4500 5000 +4.0 +5.0 -1.00 +1.00 01 +0.40 +0.00 0.0 p st 4900 +4.8 +0.70
4500 5000 +4.0 +5.0 -1.00 +1.00 01 +0.40 +0.00 0.0 p st 4900 +4.8 +0.80
4500 5000 +4.0 +5.0 -1.00 +1.00 01 +0.40 +0.00 0.0 p st 4900 +4.8 +0.90
4500 5000 +4.0 +5.0 -1.00 +1.00 01 +0.40 +0.00 0.0 p st 4900 +4.8 +1.00
4500 5000 +4.0 +5.0 -1.00 +1.00 01 +0.40 +0.00 0.0 p st 4900 +4.9 -1.00
4500 5000 +4.0 +5.0 -1.00 +1.00 01 +0.40 +0.00 0.0 p st 4900 +4.9 -0.90
4500 5000 +4.0 +5.0 -1.00 +1.00 01 +0.40 +0.00 0.0 p st 4900 +4.9 -0.80
4500 5000 +4.0 +5.0 -1.00 +1.00 01 +0.40 +0.00 0.0 p st 4900 +4.9 -0.70
4500 5000 +4.0 +5.0 -1.00 +1.00 01 +0.40 +0.00 0.0 p st 4900 +4.9 -0.60
4500 5000 +4.0 +5.0 -1.00 +1.00 01 +0.40 +0.00 0.0 p st 4900 +4.9 -0.50
4500 5000 +4.0 +5.0 -1.00 +1.00 01 +0.40 +0.00 0.0 p st 4900 +4.9 -0.40
4500 5000 +4.0 +5.0 -1.00 +1.00 01 +0.40 +0.00 0.0 p st 4900 +4.9 -0.30
4500 5000 +4.0 +5.0 -1.00 +1.00 01 +0.40 +0.00 0.0 p st 4900 +4.9 -0.20
4500 5000 +4.0 +5.0 -1.00 +1.00 01 +0.40 +0.00 0.0 p st 4900 +4.9 -0.10
4500 5000 +4.0 +5.0 -1.00 +1.00 01 +0.40 +0.00 0.0 p st 4900 +4.9 +0.00
4500 5000 +4.0 +5.0 -1.00 +1.00 01 +0.40 +0.00 0.0 p st 4900 +4.9 +0.10
4500 5000 +4.0 +5.0 -1.00 +1.00 01 +0.40 +0.00 0.0 p st 4900 +4.9 +0.20
4500 5000 +4.0 +5.0 -1.00 +1.00 01 +0.40 +0.00 0.0 p st 4900 +4.9 +0.30
4500 5000 +4.0 +5.0 -1.00 +1.00 01 +0.40 +0.00 0.0 p st 4900 +4.9 +0.40
4500 5000 +4.0 +5.0 -1.00 +1.00 01 +0.40 +0.00 0.0 p st 4900 +4.9 +0.50
4500 5000 +4.0 +5.0 -1.00 +1.00 01 +0.40 +0.00 0.0 p st 4900 +4.9 +0.60
4500 5000 +4.0 +5.0 -1.00 +1.00 01 +0.40 +0.00 0.0 p st 4900 +4.9 +0.70
4500 5000 +4.0 +5.0 -1.00 +1.00 01 +0.40 +0.00 0.0 p st 4900 +4.9 +0.80
4500 5000 +4.0 +5.0 -1.00 +1.00 01 +0.40 +0.00 0.0 p st 4900 +4.9 +0.90
4500 5000 +4.0 +5.0 -1.00 +1.00 01 +0.40 +0.00 0.0 p st 4900 +4.9 +1.00
4500 5000 +4.0 +5.0 -1.00 +1.00 01 +0.40 +0.00 0.0 p st 4900 +5.0 -1.00
4500 5000 +4.0 +5.0 -1.00 +1.00 01 +0.40 +0.00 0.0 p st 4900 +5.0 -0.90
4500 5000 +4.0 +5.0 -1.00 +1.00 01 +0.40 +0.00 0.0 p st 4900 +5.0 -0.80
4500 5000 +4.0 +5.0 -1.00 +1.00 01 +0.40 +0.00 0.0 p st 4900 +5.0 -0.70
4500 5000 +4.0 +5.0 -1.00 +1.00 01 +0.40 +0.00 0.0 p st 4900 +5.0 -0.60
4500 5000 +4.0 +5.0 -1.00 +1.00 01 +0.40 +0.00 0.0 p st 4900 +5.0 -0.50
4500 5000 +4.0 +5.0 -1.00 +1.00 01 +0.40 +0.00 0.0 p st 4900 +5.0 -0.40
4500 5000 +4.0 +5.0 -1.00 +1.00 01 +0.40 +0.00 0.0 p st 4900 +5.0 -0.30
4500 5000 +4.0 +5.0 -1.00 +1.00 01 +0.40 +0.00 0.0 p st 4900 +5.0 -0.20
4500 5000 +4.0 +5.0 -1.00 +1.00 01 +0.40 +0.00 0.0 p st 4900 +5.0 -0.10
4500 5000 +4.0 +5.0 -1.00 +1.00 01 +0.40 +0.00 0.0 p st 4900 +5.0 +0.00
4500 5000 +4.0 +5.0 -1.00 +1.00 01 +0.40 +0.00 0.0 p st 4900 +5.0 +0.10
4500 5000 +4.0 +5.0 -1.00 +1.00 01 +0.40 +0.00 0.0 p st 4900 +5.0 +0.20
4500 5000 +4.0 +5.0 -1.00 +1.00 01 +0.40 +0.00 0.0 p st 4900 +5.0 +0.30
4500 5000 +4.0 +5.0 -1.00 +1.00 01 +0.40 +0.00 0.0 p st 4900 +5.0 +0.40
4500 5000 +4.0 +5.0 -1.00 +1.00 01 +0.40 +0.00 0.0 p st 4900 +5.0 +0.50
4500 5000 +4.0 +5.0 -1.00 +1.00 01 +0.40 +0.00 0.0 p st 4900 +5.0 +0.60
4500 5000 +4.0 +5.0 -1.00 +1.00 01 +0.40 +0.00 0.0 p st 4900 +5.0 +0.70
4500 5000 +4.0 +5.0 -1.00 +1.00 01 +0.40 +0.00 0.0 p st 4900 +5.0 +0.80
4500 5000 +4.0 +5.0 -1.00 +1.00 01 +0.40 +0.00 0.0 p st 4900 +5.0 +0.90
4500 5000 +4.0 +5.0 -1.00 +1.00 01 +0.40 +0.00 0.0 p st 4900 +5.0 +1.00
4500 5000 +4.0 +5.0 -1.00 +1.00 01 +0.40 +0.00 0.0 p st 5000 +4.0 -0.90
4500 5000 +4.0 +5.0 -1.00 +1.00 01 +0.40 +0.00 0.0 p st 5000 +4.0 -0.80
4500 5000 +4.0 +5.0 -1.00 +1.00 01 +0.40 +0.00 0.0 p st 5000 +4.0 -0.70
4500 5000 +4.0 +5.0 -1.00 +1.00 01 +0.40 +0.00 0.0 p st 5000 +4.0 -0.60
4500 5000 +4.0 +5.0 -1.00 +1.00 01 +0.40 +0.00 0.0 p st 5000 +4.0 -0.40
4500 5000 +4.0 +5.0 -1.00 +1.00 01 +0.40 +0.00 0.0 p st 5000 +4.0 -0.30
4500 5000 +4.0 +5.0 -1.00 +1.00 01 +0.40 +0.00 0.0 p st 5000 +4.0 -0.20
4500 5000 +4.0 +5.0 -1.00 +1.00 01 +0.40 +0.00 0.0 p st 5000 +4.0 -0.10
4500 5000 +4.0 +5.0 -1.00 +1.00 01 +0.40 +0.00 0.0 p st 5000 +4.0 +0.10
4500 5000 +4.0 +5.0 -1.00 +1.00 01 +0.40 +0.00 0.0 p st 5000 +4.0 +0.20
4500 5000 +4.0 +5.0 -1.00 +1.00 01 +0.40 +0.00 0.0 p st 5000 +4.0 +0.30
4500 5000 +4.0 +5.0 -1.00 +1.00 01 +0.40 +0.00 0.0 p st 5000 +4.0 +0.40
4500 5000 +4.0 +5.0 -1.00 +1.00 01 +0.40 +0.00 0.0 p st 5000 +4.0 +0.50
4500 5000 +4.0 +5.0 -1.00 +1.00 01 +0.40 +0.00 0.0 p st 5000 +4.0 +0.60
4500 5000 +4.0 +5.0 -1.00 +1.00 01 +0.40 +0.00 0.0 p st 5000 +4.0 +0.70
4500 5000 +4.0 +5.0 -1.00 +1.00 01 +0.40 +0.00 0.0 p st 5000 +4.0 +0.80
4500 5000 +4.0 +5.0 -1.00 +1.00 01 +0.40 +0.00 0.0 p st 5000 +4.0 +0.90
4500 5000 +4.0 +5.0 -1.00 +1.00 01 +0.40 +0.00 0.0 p st 5000 +4.0 +1.00
4500 5000 +4.0 +5.0 -1.00 +1.00 01 +0.40 +0.00 0.0 p st 5000 +4.1 -1.00
4500 5000 +4.0 +5.0 -1.00 +1.00 01 +0.40 +0.00 0.0 p st 5000 +4.1 -0.90
4500 5000 +4.0 +5.0 -1.00 +1.00 01 +0.40 +0.00 0.0 p st 5000 +4.1 -0.80
4500 5000 +4.0 +5.0 -1.00 +1.00 01 +0.40 +0.00 0.0 p st 5000 +4.1 -0.70
4500 5000 +4.0 +5.0 -1.00 +1.00 01 +0.40 +0.00 0.0 p st 5000 +4.1 -0.60
4500 5000 +4.0 +5.0 -1.00 +1.00 01 +0.40 +0.00 0.0 p st 5000 +4.1 -0.50
4500 5000 +4.0 +5.0 -1.00 +1.00 01 +0.40 +0.00 0.0 p st 5000 +4.1 -0.40
4500 5000 +4.0 +5.0 -1.00 +1.00 01 +0.40 +0.00 0.0 p st 5000 +4.1 -0.30
4500 5000 +4.0 +5.0 -1.00 +1.00 01 +0.40 +0.00 0.0 p st 5000 +4.1 -0.20
4500 5000 +4.0 +5.0 -1.00 +1.00 01 +0.40 +0.00 0.0 p st 5000 +4.1 -0.10
4500 5000 +4.0 +5.0 -1.00 +1.00 01 +0.40 +0.00 0.0 p st 5000 +4.1 +0.00
4500 5000 +4.0 +5.0 -1.00 +1.00 01 +0.40 +0.00 0.0 p st 5000 +4.1 +0.10
4500 5000 +4.0 +5.0 -1.00 +1.00 01 +0.40 +0.00 0.0 p st 5000 +4.1 +0.20
4500 5000 +4.0 +5.0 -1.00 +1.00 01 +0.40 +0.00 0.0 p st 5000 +4.1 +0.30
4500 5000 +4.0 +5.0 -1.00 +1.00 01 +0.40 +0.00 0.0 p st 5000 +4.1 +0.40
4500 5000 +4.0 +5.0 -1.00 +1.00 01 +0.40 +0.00 0.0 p st 5000 +4.1 +0.50
4500 5000 +4.0 +5.0 -1.00 +1.00 01 +0.40 +0.00 0.0 p st 5000 +4.1 +0.60
4500 5000 +4.0 +5.0 -1.00 +1.00 01 +0.40 +0.00 0.0 p st 5000 +4.1 +0.70
4500 5000 +4.0 +5.0 -1.00 +1.00 01 +0.40 +0.00 0.0 p st 5000 +4.1 +0.80
4500 5000 +4.0 +5.0 -1.00 +1.00 01 +0.40 +0.00 0.0 p st 5000 +4.1 +0.90
4500 5000 +4.0 +5.0 -1.00 +1.00 01 +0.40 +0.00 0.0 p st 5000 +4.1 +1.00
4500 5000 +4.0 +5.0 -1.00 +1.00 01 +0.40 +0.00 0.0 p st 5000 +4.2 -0.90
4500 5000 +4.0 +5.0 -1.00 +1.00 01 +0.40 +0.00 0.0 p st 5000 +4.2 -0.80
4500 5000 +4.0 +5.0 -1.00 +1.00 01 +0.40 +0.00 0.0 p st 5000 +4.2 -0.70
4500 5000 +4.0 +5.0 -1.00 +1.00 01 +0.40 +0.00 0.0 p st 5000 +4.2 -0.60
4500 5000 +4.0 +5.0 -1.00 +1.00 01 +0.40 +0.00 0.0 p st 5000 +4.2 -0.40
4500 5000 +4.0 +5.0 -1.00 +1.00 01 +0.40 +0.00 0.0 p st 5000 +4.2 -0.30
4500 5000 +4.0 +5.0 -1.00 +1.00 01 +0.40 +0.00 0.0 p st 5000 +4.2 -0.20
4500 5000 +4.0 +5.0 -1.00 +1.00 01 +0.40 +0.00 0.0 p st 5000 +4.2 -0.10
4500 5000 +4.0 +5.0 -1.00 +1.00 01 +0.40 +0.00 0.0 p st 5000 +4.2 +0.10
4500 5000 +4.0 +5.0 -1.00 +1.00 01 +0.40 +0.00 0.0 p st 5000 +4.2 +0.20
4500 5000 +4.0 +5.0 -1.00 +1.00 01 +0.40 +0.00 0.0 p st 5000 +4.2 +0.30
4500 5000 +4.0 +5.0 -1.00 +1.00 01 +0.40 +0.00 0.0 p st 5000 +4.2 +0.40
4500 5000 +4.0 +5.0 -1.00 +1.00 01 +0.40 +0.00 0.0 p st 5000 +4.2 +0.50
4500 5000 +4.0 +5.0 -1.00 +1.00 01 +0.40 +0.00 0.0 p st 5000 +4.2 +0.60
4500 5000 +4.0 +5.0 -1.00 +1.00 01 +0.40 +0.00 0.0 p st 5000 +4.2 +0.70
4500 5000 +4.0 +5.0 -1.00 +1.00 01 +0.40 +0.00 0.0 p st 5000 +4.2 +0.80
4500 5000 +4.0 +5.0 -1.00 +1.00 01 +0.40 +0.00 0.0 p st 5000 +4.2 +0.90
4500 5000 +4.0 +5.0 -1.00 +1.00 01 +0.40 +0.00 0.0 p st 5000 +4.2 +1.00
4500 5000 +4.0 +5.0 -1.00 +1.00 01 +0.40 +0.00 0.0 p st 5000 +4.3 -1.00
4500 5000 +4.0 +5.0 -1.00 +1.00 01 +0.40 +0.00 0.0 p st 5000 +4.3 -0.90
4500 5000 +4.0 +5.0 -1.00 +1.00 01 +0.40 +0.00 0.0 p st 5000 +4.3 -0.80
4500 5000 +4.0 +5.0 -1.00 +1.00 01 +0.40 +0.00 0.0 p st 5000 +4.3 -0.70
4500 5000 +4.0 +5.0 -1.00 +1.00 01 +0.40 +0.00 0.0 p st 5000 +4.3 -0.60
4500 5000 +4.0 +5.0 -1.00 +1.00 01 +0.40 +0.00 0.0 p st 5000 +4.3 -0.50
4500 5000 +4.0 +5.0 -1.00 +1.00 01 +0.40 +0.00 0.0 p st 5000 +4.3 -0.40
4500 5000 +4.0 +5.0 -1.00 +1.00 01 +0.40 +0.00 0.0 p st 5000 +4.3 -0.30
4500 5000 +4.0 +5.0 -1.00 +1.00 01 +0.40 +0.00 0.0 p st 5000 +4.3 -0.20
4500 5000 +4.0 +5.0 -1.00 +1.00 01 +0.40 +0.00 0.0 p st 5000 +4.3 -0.10
4500 5000 +4.0 +5.0 -1.00 +1.00 01 +0.40 +0.00 0.0 p st 5000 +4.3 +0.00
4500 5000 +4.0 +5.0 -1.00 +1.00 01 +0.40 +0.00 0.0 p st 5000 +4.3 +0.10
4500 5000 +4.0 +5.0 -1.00 +1.00 01 +0.40 +0.00 0.0 p st 5000 +4.3 +0.20
4500 5000 +4.0 +5.0 -1.00 +1.00 01 +0.40 +0.00 0.0 p st 5000 +4.3 +0.30
4500 5000 +4.0 +5.0 -1.00 +1.00 01 +0.40 +0.00 0.0 p st 5000 +4.3 +0.40
4500 5000 +4.0 +5.0 -1.00 +1.00 01 +0.40 +0.00 0.0 p st 5000 +4.3 +0.50
4500 5000 +4.0 +5.0 -1.00 +1.00 01 +0.40 +0.00 0.0 p st 5000 +4.3 +0.60
4500 5000 +4.0 +5.0 -1.00 +1.00 01 +0.40 +0.00 0.0 p st 5000 +4.3 +0.70
4500 5000 +4.0 +5.0 -1.00 +1.00 01 +0.40 +0.00 0.0 p st 5000 +4.3 +0.80
4500 5000 +4.0 +5.0 -1.00 +1.00 01 +0.40 +0.00 0.0 p st 5000 +4.3 +0.90
4500 5000 +4.0 +5.0 -1.00 +1.00 01 +0.40 +0.00 0.0 p st 5000 +4.3 +1.00
4500 5000 +4.0 +5.0 -1.00 +1.00 01 +0.40 +0.00 0.0 p st 5000 +4.4 -0.90
4500 5000 +4.0 +5.0 -1.00 +1.00 01 +0.40 +0.00 0.0 p st 5000 +4.4 -0.80
4500 5000 +4.0 +5.0 -1.00 +1.00 01 +0.40 +0.00 0.0 p st 5000 +4.4 -0.70
4500 5000 +4.0 +5.0 -1.00 +1.00 01 +0.40 +0.00 0.0 p st 5000 +4.4 -0.60
4500 5000 +4.0 +5.0 -1.00 +1.00 01 +0.40 +0.00 0.0 p st 5000 +4.4 -0.40
4500 5000 +4.0 +5.0 -1.00 +1.00 01 +0.40 +0.00 0.0 p st 5000 +4.4 -0.30
4500 5000 +4.0 +5.0 -1.00 +1.00 01 +0.40 +0.00 0.0 p st 5000 +4.4 -0.20
4500 5000 +4.0 +5.0 -1.00 +1.00 01 +0.40 +0.00 0.0 p st 5000 +4.4 -0.10
4500 5000 +4.0 +5.0 -1.00 +1.00 01 +0.40 +0.00 0.0 p st 5000 +4.4 +0.10
4500 5000 +4.0 +5.0 -1.00 +1.00 01 +0.40 +0.00 0.0 p st 5000 +4.4 +0.20
4500 5000 +4.0 +5.0 -1.00 +1.00 01 +0.40 +0.00 0.0 p st 5000 +4.4 +0.30
4500 5000 +4.0 +5.0 -1.00 +1.00 01 +0.40 +0.00 0.0 p st 5000 +4.4 +0.40
4500 5000 +4.0 +5.0 -1.00 +1.00 01 +0.40 +0.00 0.0 p st 5000 +4.4 +0.50
4500 5000 +4.0 +5.0 -1.00 +1.00 01 +0.40 +0.00 0.0 p st 5000 +4.4 +0.60
4500 5000 +4.0 +5.0 -1.00 +1.00 01 +0.40 +0.00 0.0 p st 5000 +4.4 +0.70
4500 5000 +4.0 +5.0 -1.00 +1.00 01 +0.40 +0.00 0.0 p st 5000 +4.4 +0.80
4500 5000 +4.0 +5.0 -1.00 +1.00 01 +0.40 +0.00 0.0 p st 5000 +4.4 +0.90
4500 5000 +4.0 +5.0 -1.00 +1.00 01 +0.40 +0.00 0.0 p st 5000 +4.4 +1.00
4500 5000 +4.0 +5.0 -1.00 +1.00 01 +0.40 +0.00 0.0 p st 5000 +4.5 -1.00
4500 5000 +4.0 +5.0 -1.00 +1.00 01 +0.40 +0.00 0.0 p st 5000 +4.5 -0.90
4500 5000 +4.0 +5.0 -1.00 +1.00 01 +0.40 +0.00 0.0 p st 5000 +4.5 -0.80
4500 5000 +4.0 +5.0 -1.00 +1.00 01 +0.40 +0.00 0.0 p st 5000 +4.5 -0.70
4500 5000 +4.0 +5.0 -1.00 +1.00 01 +0.40 +0.00 0.0 p st 5000 +4.5 -0.60
4500 5000 +4.0 +5.0 -1.00 +1.00 01 +0.40 +0.00 0.0 p st 5000 +4.5 -0.50
4500 5000 +4.0 +5.0 -1.00 +1.00 01 +0.40 +0.00 0.0 p st 5000 +4.5 -0.40
4500 5000 +4.0 +5.0 -1.00 +1.00 01 +0.40 +0.00 0.0 p st 5000 +4.5 -0.30
4500 5000 +4.0 +5.0 -1.00 +1.00 01 +0.40 +0.00 0.0 p st 5000 +4.5 -0.20
4500 5000 +4.0 +5.0 -1.00 +1.00 01 +0.40 +0.00 0.0 p st 5000 +4.5 -0.10
4500 5000 +4.0 +5.0 -1.00 +1.00 01 +0.40 +0.00 0.0 p st 5000 +4.5 +0.00
4500 5000 +4.0 +5.0 -1.00 +1.00 01 +0.40 +0.00 0.0 p st 5000 +4.5 +0.10
4500 5000 +4.0 +5.0 -1.00 +1.00 01 +0.40 +0.00 0.0 p st 5000 +4.5 +0.20
4500 5000 +4.0 +5.0 -1.00 +1.00 01 +0.40 +0.00 0.0 p st 5000 +4.5 +0.30
4500 5000 +4.0 +5.0 -1.00 +1.00 01 +0.40 +0.00 0.0 p st 5000 +4.5 +0.40
4500 5000 +4.0 +5.0 -1.00 +1.00 01 +0.40 +0.00 0.0 p st 5000 +4.5 +0.50
4500 5000 +4.0 +5.0 -1.00 +1.00 01 +0.40 +0.00 0.0 p st 5000 +4.5 +0.60
4500 5000 +4.0 +5.0 -1.00 +1.00 01 +0.40 +0.00 0.0 p st 5000 +4.5 +0.70
4500 5000 +4.0 +5.0 -1.00 +1.00 01 +0.40 +0.00 0.0 p st 5000 +4.5 +0.80
4500 5000 +4.0 +5.0 -1.00 +1.00 01 +0.40 +0.00 0.0 p st 5000 +4.5 +0.90
4500 5000 +4.0 +5.0 -1.00 +1.00 01 +0.40 +0.00 0.0 p st 5000 +4.5 +1.00
4500 5000 +4.0 +5.0 -1.00 +1.00 01 +0.40 +0.00 0.0 p st 5000 +4.6 -0.90
4500 5000 +4.0 +5.0 -1.00 +1.00 01 +0.40 +0.00 0.0 p st 5000 +4.6 -0.80
4500 5000 +4.0 +5.0 -1.00 +1.00 01 +0.40 +0.00 0.0 p st 5000 +4.6 -0.70
4500 5000 +4.0 +5.0 -1.00 +1.00 01 +0.40 +0.00 0.0 p st 5000 +4.6 -0.60
4500 5000 +4.0 +5.0 -1.00 +1.00 01 +0.40 +0.00 0.0 p st 5000 +4.6 -0.40
4500 5000 +4.0 +5.0 -1.00 +1.00 01 +0.40 +0.00 0.0 p st 5000 +4.6 -0.30
4500 5000 +4.0 +5.0 -1.00 +1.00 01 +0.40 +0.00 0.0 p st 5000 +4.6 -0.20
4500 5000 +4.0 +5.0 -1.00 +1.00 01 +0.40 +0.00 0.0 p st 5000 +4.6 -0.10
4500 5000 +4.0 +5.0 -1.00 +1.00 01 +0.40 +0.00 0.0 p st 5000 +4.6 +0.10
4500 5000 +4.0 +5.0 -1.00 +1.00 01 +0.40 +0.00 0.0 p st 5000 +4.6 +0.20
4500 5000 +4.0 +5.0 -1.00 +1.00 01 +0.40 +0.00 0.0 p st 5000 +4.6 +0.30
4500 5000 +4.0 +5.0 -1.00 +1.00 01 +0.40 +0.00 0.0 p st 5000 +4.6 +0.40
4500 5000 +4.0 +5.0 -1.00 +1.00 01 +0.40 +0.00 0.0 p st 5000 +4.6 +0.50
4500 5000 +4.0 +5.0 -1.00 +1.00 01 +0.40 +0.00 0.0 p st 5000 +4.6 +0.60
4500 5000 +4.0 +5.0 -1.00 +1.00 01 +0.40 +0.00 0.0 p st 5000 +4.6 +0.70
4500 5000 +4.0 +5.0 -1.00 +1.00 01 +0.40 +0.00 0.0 p st 5000 +4.6 +0.80
4500 5000 +4.0 +5.0 -1.00 +1.00 01 +0.40 +0.00 0.0 p st 5000 +4.6 +0.90
4500 5000 +4.0 +5.0 -1.00 +1.00 01 +0.40 +0.00 0.0 p st 5000 +4.6 +1.00
4500 5000 +4.0 +5.0 -1.00 +1.00 01 +0.40 +0.00 0.0 p st 5000 +4.7 -1.00
4500 5000 +4.0 +5.0 -1.00 +1.00 01 +0.40 +0.00 0.0 p st 5000 +4.7 -0.90
4500 5000 +4.0 +5.0 -1.00 +1.00 01 +0.40 +0.00 0.0 p st 5000 +4.7 -0.80
4500 5000 +4.0 +5.0 -1.00 +1.00 01 +0.40 +0.00 0.0 p st 5000 +4.7 -0.70
4500 5000 +4.0 +5.0 -1.00 +1.00 01 +0.40 +0.00 0.0 p st 5000 +4.7 -0.60
4500 5000 +4.0 +5.0 -1.00 +1.00 01 +0.40 +0.00 0.0 p st 5000 +4.7 -0.50
4500 5000 +4.0 +5.0 -1.00 +1.00 01 +0.40 +0.00 0.0 p st 5000 +4.7 -0.40
4500 5000 +4.0 +5.0 -1.00 +1.00 01 +0.40 +0.00 0.0 p st 5000 +4.7 -0.30
4500 5000 +4.0 +5.0 -1.00 +1.00 01 +0.40 +0.00 0.0 p st 5000 +4.7 -0.20
4500 5000 +4.0 +5.0 -1.00 +1.00 01 +0.40 +0.00 0.0 p st 5000 +4.7 -0.10
4500 5000 +4.0 +5.0 -1.00 +1.00 01 +0.40 +0.00 0.0 p st 5000 +4.7 +0.00
4500 5000 +4.0 +5.0 -1.00 +1.00 01 +0.40 +0.00 0.0 p st 5000 +4.7 +0.10
4500 5000 +4.0 +5.0 -1.00 +1.00 01 +0.40 +0.00 0.0 p st 5000 +4.7 +0.20
4500 5000 +4.0 +5.0 -1.00 +1.00 01 +0.40 +0.00 0.0 p st 5000 +4.7 +0.30
4500 5000 +4.0 +5.0 -1.00 +1.00 01 +0.40 +0.00 0.0 p st 5000 +4.7 +0.40
4500 5000 +4.0 +5.0 -1.00 +1.00 01 +0.40 +0.00 0.0 p st 5000 +4.7 +0.50
4500 5000 +4.0 +5.0 -1.00 +1.00 01 +0.40 +0.00 0.0 p st 5000 +4.7 +0.60
4500 5000 +4.0 +5.0 -1.00 +1.00 01 +0.40 +0.00 0.0 p st 5000 +4.7 +0.70
4500 5000 +4.0 +5.0 -1.00 +1.00 01 +0.40 +0.00 0.0 p st 5000 +4.7 +0.80
4500 5000 +4.0 +5.0 -1.00 +1.00 01 +0.40 +0.00 0.0 p st 5000 +4.7 +0.90
4500 5000 +4.0 +5.0 -1.00 +1.00 01 +0.40 +0.00 0.0 p st 5000 +4.7 +1.00
4500 5000 +4.0 +5.0 -1.00 +1.00 01 +0.40 +0.00 0.0 p st 5000 +4.8 -0.90
4500 5000 +4.0 +5.0 -1.00 +1.00 01 +0.40 +0.00 0.0 p st 5000 +4.8 -0.80
4500 5000 +4.0 +5.0 -1.00 +1.00 01 +0.40 +0.00 0.0 p st 5000 +4.8 -0.70
4500 5000 +4.0 +5.0 -1.00 +1.00 01 +0.40 +0.00 0.0 p st 5000 +4.8 -0.60
4500 5000 +4.0 +5.0 -1.00 +1.00 01 +0.40 +0.00 0.0 p st 5000 +4.8 -0.40
4500 5000 +4.0 +5.0 -1.00 +1.00 01 +0.40 +0.00 0.0 p st 5000 +4.8 -0.30
4500 5000 +4.0 +5.0 -1.00 +1.00 01 +0.40 +0.00 0.0 p st 5000 +4.8 -0.20
4500 5000 +4.0 +5.0 -1.00 +1.00 01 +0.40 +0.00 0.0 p st 5000 +4.8 -0.10
4500 5000 +4.0 +5.0 -1.00 +1.00 01 +0.40 +0.00 0.0 p st 5000 +4.8 +0.10
4500 5000 +4.0 +5.0 -1.00 +1.00 01 +0.40 +0.00 0.0 p st 5000 +4.8 +0.20
4500 5000 +4.0 +5.0 -1.00 +1.00 01 +0.40 +0.00 0.0 p st 5000 +4.8 +0.30
4500 5000 +4.0 +5.0 -1.00 +1.00 01 +0.40 +0.00 0.0 p st 5000 +4.8 +0.40
4500 5000 +4.0 +5.0 -1.00 +1.00 01 +0.40 +0.00 0.0 p st 5000 +4.8 +0.50
4500 5000 +4.0 +5.0 -1.00 +1.00 01 +0.40 +0.00 0.0 p st 5000 +4.8 +0.60
4500 5000 +4.0 +5.0 -1.00 +1.00 01 +0.40 +0.00 0.0 p st 5000 +4.8 +0.70
4500 5000 +4.0 +5.0 -1.00 +1.00 01 +0.40 +0.00 0.0 p st 5000 +4.8 +0.80
4500 5000 +4.0 +5.0 -1.00 +1.00 01 +0.40 +0.00 0.0 p st 5000 +4.8 +0.90
4500 5000 +4.0 +5.0 -1.00 +1.00 01 +0.40 +0.00 0.0 p st 5000 +4.8 +1.00
4500 5000 +4.0 +5.0 -1.00 +1.00 01 +0.40 +0.00 0.0 p st 5000 +4.9 -1.00
4500 5000 +4.0 +5.0 -1.00 +1.00 01 +0.40 +0.00 0.0 p st 5000 +4.9 -0.90
4500 5000 +4.0 +5.0 -1.00 +1.00 01 +0.40 +0.00 0.0 p st 5000 +4.9 -0.80
4500 5000 +4.0 +5.0 -1.00 +1.00 01 +0.40 +0.00 0.0 p st 5000 +4.9 -0.70
4500 5000 +4.0 +5.0 -1.00 +1.00 01 +0.40 +0.00 0.0 p st 5000 +4.9 -0.60
4500 5000 +4.0 +5.0 -1.00 +1.00 01 +0.40 +0.00 0.0 p st 5000 +4.9 -0.50
4500 5000 +4.0 +5.0 -1.00 +1.00 01 +0.40 +0.00 0.0 p st 5000 +4.9 -0.40
4500 5000 +4.0 +5.0 -1.00 +1.00 01 +0.40 +0.00 0.0 p st 5000 +4.9 -0.30
4500 5000 +4.0 +5.0 -1.00 +1.00 01 +0.40 +0.00 0.0 p st 5000 +4.9 -0.20
4500 5000 +4.0 +5.0 -1.00 +1.00 01 +0.40 +0.00 0.0 p st 5000 +4.9 -0.10
4500 5000 +4.0 +5.0 -1.00 +1.00 01 +0.40 +0.00 0.0 p st 5000 +4.9 +0.00
4500 5000 +4.0 +5.0 -1.00 +1.00 01 +0.40 +0.00 0.0 p st 5000 +4.9 +0.10
4500 5000 +4.0 +5.0 -1.00 +1.00 01 +0.40 +0.00 0.0 p st 5000 +4.9 +0.20
4500 5000 +4.0 +5.0 -1.00 +1.00 01 +0.40 +0.00 0.0 p st 5000 +4.9 +0.30
4500 5000 +4.0 +5.0 -1.00 +1.00 01 +0.40 +0.00 0.0 p st 5000 +4.9 +0.40
4500 5000 +4.0 +5.0 -1.00 +1.00 01 +0.40 +0.00 0.0 p st 5000 +4.9 +0.50
4500 5000 +4.0 +5.0 -1.00 +1.00 01 +0.40 +0.00 0.0 p st 5000 +4.9 +0.60
4500 5000 +4.0 +5.0 -1.00 +1.00 01 +0.40 +0.00 0.0 p st 5000 +4.9 +0.70
4500 5000 +4.0 +5.0 -1.00 +1.00 01 +0.40 +0.00 0.0 p st 5000 +4.9 +0.80
4500 5000 +4.0 +5.0 -1.00 +1.00 01 +0.40 +0.00 0.0 p st 5000 +4.9 +0.90
4500 5000 +4.0 +5.0 -1.00 +1.00 01 +0.40 +0.00 0.0 p st 5000 +4.9 +1.00
4500 5000 +4.0 +5.0 -1.00 +1.00 01 +0.40 +0.00 0.0 p st 5000 +5.0 -0.90
4500 5000 +4.0 +5.0 -1.00 +1.00 01 +0.40 +0.00 0.0 p st 5000 +5.0 -0.80
4500 5000 +4.0 +5.0 -1.00 +1.00 01 +0.40 +0.00 0.0 p st 5000 +5.0 -0.70
4500 5000 +4.0 +5.0 -1.00 +1.00 01 +0.40 +0.00 0.0 p st 5000 +5.0 -0.60
4500 5000 +4.0 +5.0 -1.00 +1.00 01 +0.40 +0.00 0.0 p st 5000 +5.0 -0.40
4500 5000 +4.0 +5.0 -1.00 +1.00 01 +0.40 +0.00 0.0 p st 5000 +5.0 -0.30
4500 5000 +4.0 +5.0 -1.00 +1.00 01 +0.40 +0.00 0.0 p st 5000 +5.0 -0.20
4500 5000 +4.0 +5.0 -1.00 +1.00 01 +0.40 +0.00 0.0 p st 5000 +5.0 -0.10
4500 5000 +4.0 +5.0 -1.00 +1.00 01 +0.40 +0.00 0.0 p st 5000 +5.0 +0.10
4500 5000 +4.0 +5.0 -1.00 +1.00 01 +0.40 +0.00 0.0 p st 5000 +5.0 +0.20
4500 5000 +4.0 +5.0 -1.00 +1.00 01 +0.40 +0.00 0.0 p st 5000 +5.0 +0.30
4500 5000 +4.0 +5.0 -1.00 +1.00 01 +0.40 +0.00 0.0 p st 5000 +5.0 +0.40
4500 5000 +4.0 +5.0 -1.00 +1.00 01 +0.40 +0.00 0.0 p st 5000 +5.0 +0.50
4500 5000 +4.0 +5.0 -1.00 +1.00 01 +0.40 +0.00 0.0 p st 5000 +5.0 +0.60
4500 5000 +4.0 +5.0 -1.00 +1.00 01 +0.40 +0.00 0.0 p st 5000 +5.0 +0.70
4500 5000 +4.0 +5.0 -1.00 +1.00 01 +0.40 +0.00 0.0 p st 5000 +5.0 +0.80
4500 5000 +4.0 +5.0 -1.00 +1.00 01 +0.40 +0.00 0.0 p st 5000 +5.0 +0.90
4500 5000 +4.0 +5.0 -1.00 +1.00 01 +0.40 +0.00 0.0 p st 5000 +5.0 +1.00
